14 0 1 00000 00000000 
78 4 3 00000 00000001 
89 0 1 00100 00000000 
153 4 3 00100 00000002 
174 0 1 00001 00000000 
238 4 3 00001 00000000 
249 0 1 0010f 00000000 
313 4 3 0010f 00000000 
334 0 1 00002 00000000 
398 4 3 00002 00000000 
409 0 1 0011e 00000000 
473 4 3 0011e 00000000 
494 0 1 00003 00000000 
558 4 3 00003 00000000 
569 0 1 0012d 00000000 
633 4 3 0012d 00000000 
654 0 1 00004 00000000 
718 4 3 00004 00000000 
729 0 1 0013c 00000000 
793 4 3 0013c 00000000 
814 0 1 00005 00000000 
878 4 3 00005 00000000 
889 0 1 0014b 00000000 
953 4 3 0014b 00000000 
974 0 1 00006 00000000 
1038 4 3 00006 00000000 
1049 0 1 0015a 00000000 
1113 4 3 0015a 00000000 
1134 0 1 00007 00000000 
1198 4 3 00007 00000000 
1209 0 1 00169 00000000 
1273 4 3 00169 00000000 
1294 0 1 00008 00000000 
1358 4 3 00008 00000000 
1369 0 1 00178 00000000 
1433 4 3 00178 00000000 
1454 0 1 00009 00000000 
1518 4 3 00009 00000000 
1529 0 1 00187 00000000 
1593 4 3 00187 00000000 
1614 0 1 0000a 00000000 
1678 4 3 0000a 00000000 
1689 0 1 00196 00000000 
1753 4 3 00196 00000000 
1774 0 1 0000b 00000000 
1838 4 3 0000b 00000000 
1849 0 1 001a5 00000000 
1913 4 3 001a5 00000000 
1934 0 1 0000c 00000000 
1998 4 3 0000c 00000000 
2009 0 1 001b4 00000000 
2073 4 3 001b4 00000000 
2094 0 1 0000d 00000000 
2158 4 3 0000d 00000000 
2169 0 1 001c3 00000000 
2233 4 3 001c3 00000000 
2254 0 1 0000e 00000000 
2318 4 3 0000e 00000000 
2329 0 1 001d2 00000000 
2393 4 3 001d2 00000000 
2414 0 1 0000f 00000000 
2478 4 3 0000f 00000000 
2489 0 1 001e1 00000000 
2553 4 3 001e1 00000000 
2574 0 2 00200 00000000 
2638 4 3 00200 00000000 
2653 0 3 00200 00000002 
2718 0 1 00000 00000000 
2782 4 3 00000 00000001 
2793 0 1 00101 00000000 
2857 4 3 00101 00000000 
2878 0 1 00001 00000000 
2942 4 3 00001 00000000 
2953 0 1 00110 00000000 
3017 4 3 00110 00000000 
3047 0 1 0011f 00000000 
3111 4 3 0011f 00000000 
3141 0 1 0012e 00000000 
3205 4 3 0012e 00000000 
3235 0 1 0013d 00000000 
3299 4 3 0013d 00000000 
3329 0 1 0014c 00000000 
3393 4 3 0014c 00000000 
3423 0 1 0015b 00000000 
3487 4 3 0015b 00000000 
3517 0 1 0016a 00000000 
3581 4 3 0016a 00000000 
3611 0 1 00179 00000000 
3675 4 3 00179 00000000 
3705 0 1 00188 00000000 
3769 4 3 00188 00000000 
3799 0 1 00197 00000000 
3863 4 3 00197 00000000 
3893 0 1 001a6 00000000 
3957 4 3 001a6 00000000 
3987 0 1 001b5 00000000 
4051 4 3 001b5 00000000 
4081 0 1 001c4 00000000 
4145 4 3 001c4 00000000 
4175 0 1 001d3 00000000 
4239 4 3 001d3 00000000 
4269 0 1 001e2 00000000 
4333 4 3 001e2 00000000 
4354 0 2 00201 00000000 
4418 4 3 00201 00000000 
4442 0 1 00102 00000000 
4506 4 3 00102 00000000 
4527 0 3 00201 00000000 
4592 0 1 00001 00000000 
4656 4 3 00001 00000000 
4667 0 1 00111 00000000 
4731 4 3 00111 00000002 
4752 0 1 00002 00000000 
4816 4 3 00002 00000000 
4827 0 1 00120 00000000 
4891 4 3 00120 00000000 
4921 0 1 0012f 00000000 
4985 4 3 0012f 00000000 
5015 0 1 0013e 00000000 
5079 4 3 0013e 00000000 
5109 0 1 0014d 00000000 
5173 4 3 0014d 00000000 
5203 0 1 0015c 00000000 
5267 4 3 0015c 00000000 
5297 0 1 0016b 00000000 
5361 4 3 0016b 00000000 
5391 0 1 0017a 00000000 
5455 4 3 0017a 00000000 
5485 0 1 00189 00000000 
5549 4 3 00189 00000000 
5579 0 1 00198 00000000 
5643 4 3 00198 00000000 
5673 0 1 001a7 00000000 
5737 4 3 001a7 00000000 
5767 0 1 001b6 00000000 
5831 4 3 001b6 00000000 
5861 0 1 001c5 00000000 
5925 4 3 001c5 00000000 
5955 0 1 001d4 00000000 
6019 4 3 001d4 00000000 
6049 0 1 001e3 00000000 
6113 4 3 001e3 00000000 
6134 0 2 00202 00000000 
6198 4 3 00202 00000000 
6222 0 1 00103 00000000 
6286 4 3 00103 00000000 
6316 0 1 00112 00000000 
6380 4 3 00112 00000000 
6401 0 3 00202 00000000 
6466 0 1 00002 00000000 
6530 4 3 00002 00000000 
6541 0 1 00121 00000000 
6605 4 3 00121 00000000 
6626 0 1 00003 00000000 
6690 4 3 00003 00000000 
6701 0 1 00130 00000000 
6765 4 3 00130 00000000 
6795 0 1 0013f 00000000 
6859 4 3 0013f 00000000 
6889 0 1 0014e 00000000 
6953 4 3 0014e 00000000 
6983 0 1 0015d 00000000 
7047 4 3 0015d 00000000 
7077 0 1 0016c 00000000 
7141 4 3 0016c 00000000 
7171 0 1 0017b 00000000 
7235 4 3 0017b 00000000 
7265 0 1 0018a 00000000 
7329 4 3 0018a 00000000 
7359 0 1 00199 00000000 
7423 4 3 00199 00000000 
7453 0 1 001a8 00000000 
7517 4 3 001a8 00000000 
7547 0 1 001b7 00000000 
7611 4 3 001b7 00000000 
7641 0 1 001c6 00000000 
7705 4 3 001c6 00000000 
7735 0 1 001d5 00000000 
7799 4 3 001d5 00000000 
7829 0 1 001e4 00000000 
7893 4 3 001e4 00000000 
7914 0 2 00203 00000000 
7978 4 3 00203 00000000 
8002 0 1 00104 00000000 
8066 4 3 00104 00000000 
8096 0 1 00113 00000000 
8160 4 3 00113 00000000 
8190 0 1 00122 00000000 
8254 4 3 00122 00000003 
8275 0 3 00203 00000000 
8340 0 1 00003 00000000 
8404 4 3 00003 00000000 
8415 0 1 00131 00000000 
8479 4 3 00131 00000000 
8500 0 1 00004 00000000 
8564 4 3 00004 00000000 
8575 0 1 00140 00000000 
8639 4 3 00140 00000000 
8669 0 1 0014f 00000000 
8733 4 3 0014f 00000000 
8763 0 1 0015e 00000000 
8827 4 3 0015e 00000000 
8857 0 1 0016d 00000000 
8921 4 3 0016d 00000000 
8951 0 1 0017c 00000000 
9015 4 3 0017c 00000000 
9045 0 1 0018b 00000000 
9109 4 3 0018b 00000000 
9139 0 1 0019a 00000000 
9203 4 3 0019a 00000000 
9233 0 1 001a9 00000000 
9297 4 3 001a9 00000000 
9327 0 1 001b8 00000000 
9391 4 3 001b8 00000000 
9421 0 1 001c7 00000000 
9485 4 3 001c7 00000000 
9515 0 1 001d6 00000000 
9579 4 3 001d6 00000000 
9609 0 1 001e5 00000000 
9673 4 3 001e5 00000000 
9694 0 2 00204 00000000 
9758 4 3 00204 00000000 
9782 0 1 00105 00000000 
9846 4 3 00105 00000000 
9876 0 1 00114 00000000 
9940 4 3 00114 00000000 
9970 0 1 00123 00000000 
10034 4 3 00123 00000000 
10064 0 1 00132 00000000 
10128 4 3 00132 00000000 
10149 0 3 00204 00000000 
10214 0 1 00004 00000000 
10278 4 3 00004 00000000 
10289 0 1 00141 00000000 
10353 4 3 00141 00000000 
10374 0 1 00005 00000000 
10438 4 3 00005 00000000 
10449 0 1 00150 00000000 
10513 4 3 00150 00000000 
10543 0 1 0015f 00000000 
10607 4 3 0015f 00000000 
10637 0 1 0016e 00000000 
10701 4 3 0016e 00000000 
10731 0 1 0017d 00000000 
10795 4 3 0017d 00000000 
10825 0 1 0018c 00000000 
10889 4 3 0018c 00000000 
10919 0 1 0019b 00000000 
10983 4 3 0019b 00000000 
11013 0 1 001aa 00000000 
11077 4 3 001aa 00000000 
11107 0 1 001b9 00000000 
11171 4 3 001b9 00000000 
11201 0 1 001c8 00000000 
11265 4 3 001c8 00000000 
11295 0 1 001d7 00000000 
11359 4 3 001d7 00000000 
11389 0 1 001e6 00000000 
11453 4 3 001e6 00000000 
11474 0 2 00205 00000000 
11538 4 3 00205 00000000 
11562 0 1 00106 00000000 
11626 4 3 00106 00000000 
11656 0 1 00115 00000000 
11720 4 3 00115 00000000 
11750 0 1 00124 00000000 
11814 4 3 00124 00000000 
11844 0 1 00133 00000000 
11908 4 3 00133 00000000 
11938 0 1 00142 00000000 
12002 4 3 00142 00000000 
12023 0 3 00205 00000000 
12088 0 1 00005 00000000 
12152 4 3 00005 00000000 
12163 0 1 00151 00000000 
12227 4 3 00151 00000000 
12248 0 1 00006 00000000 
12312 4 3 00006 00000000 
12323 0 1 00160 00000000 
12387 4 3 00160 00000000 
12417 0 1 0016f 00000000 
12481 4 3 0016f 00000000 
12511 0 1 0017e 00000000 
12575 4 3 0017e 00000000 
12605 0 1 0018d 00000000 
12669 4 3 0018d 00000000 
12699 0 1 0019c 00000000 
12763 4 3 0019c 00000000 
12793 0 1 001ab 00000000 
12857 4 3 001ab 00000000 
12887 0 1 001ba 00000000 
12951 4 3 001ba 00000000 
12981 0 1 001c9 00000000 
13045 4 3 001c9 00000000 
13075 0 1 001d8 00000000 
13139 4 3 001d8 00000000 
13169 0 1 001e7 00000000 
13233 4 3 001e7 00000000 
13254 0 2 00206 00000000 
13318 4 3 00206 00000000 
13342 0 1 00107 00000000 
13406 4 3 00107 00000000 
13436 0 1 00116 00000000 
13500 4 3 00116 00000000 
13530 0 1 00125 00000000 
13594 4 3 00125 00000000 
13624 0 1 00134 00000000 
13688 4 3 00134 00000000 
13718 0 1 00143 00000000 
13782 4 3 00143 00000000 
13812 0 1 00152 00000000 
13876 4 3 00152 00000000 
13897 0 3 00206 00000000 
13962 0 1 00006 00000000 
14026 4 3 00006 00000000 
14037 0 1 00161 00000000 
14101 4 3 00161 00000000 
14122 0 1 00007 00000000 
14186 4 3 00007 00000000 
14197 0 1 00170 00000000 
14261 4 3 00170 00000000 
14291 0 1 0017f 00000000 
14355 4 3 0017f 00000000 
14385 0 1 0018e 00000000 
14449 4 3 0018e 00000000 
14479 0 1 0019d 00000000 
14543 4 3 0019d 00000000 
14573 0 1 001ac 00000000 
14637 4 3 001ac 00000000 
14667 0 1 001bb 00000000 
14731 4 3 001bb 00000000 
14761 0 1 001ca 00000000 
14825 4 3 001ca 00000000 
14855 0 1 001d9 00000000 
14919 4 3 001d9 00000000 
14949 0 1 001e8 00000000 
15013 4 3 001e8 00000000 
15034 0 2 00207 00000000 
15098 4 3 00207 00000000 
15122 0 1 00108 00000000 
15186 4 3 00108 00000000 
15216 0 1 00117 00000000 
15280 4 3 00117 00000000 
15310 0 1 00126 00000000 
15374 4 3 00126 00000000 
15404 0 1 00135 00000000 
15468 4 3 00135 00000000 
15498 0 1 00144 00000000 
15562 4 3 00144 00000000 
15592 0 1 00153 00000000 
15656 4 3 00153 00000000 
15686 0 1 00162 00000000 
15750 4 3 00162 00000000 
15771 0 3 00207 00000000 
15836 0 1 00007 00000000 
15900 4 3 00007 00000000 
15911 0 1 00171 00000000 
15975 4 3 00171 00000000 
15996 0 1 00008 00000000 
16060 4 3 00008 00000000 
16071 0 1 00180 00000000 
16135 4 3 00180 00000000 
16165 0 1 0018f 00000000 
16229 4 3 0018f 00000000 
16259 0 1 0019e 00000000 
16323 4 3 0019e 00000000 
16353 0 1 001ad 00000000 
16417 4 3 001ad 00000000 
16447 0 1 001bc 00000000 
16511 4 3 001bc 00000000 
16541 0 1 001cb 00000000 
16605 4 3 001cb 00000000 
16635 0 1 001da 00000000 
16699 4 3 001da 00000000 
16729 0 1 001e9 00000000 
16793 4 3 001e9 00000000 
16814 0 2 00208 00000000 
16878 4 3 00208 00000000 
16902 0 1 00109 00000000 
16966 4 3 00109 00000000 
16996 0 1 00118 00000000 
17060 4 3 00118 00000000 
17090 0 1 00127 00000000 
17154 4 3 00127 00000000 
17184 0 1 00136 00000000 
17248 4 3 00136 00000000 
17278 0 1 00145 00000000 
17342 4 3 00145 00000000 
17372 0 1 00154 00000000 
17436 4 3 00154 00000000 
17466 0 1 00163 00000000 
17530 4 3 00163 00000000 
17560 0 1 00172 00000000 
17624 4 3 00172 00000000 
17645 0 3 00208 00000000 
17710 0 1 00008 00000000 
17774 4 3 00008 00000000 
17785 0 1 00181 00000000 
17849 4 3 00181 00000000 
17870 0 1 00009 00000000 
17934 4 3 00009 00000000 
17945 0 1 00190 00000000 
18009 4 3 00190 00000000 
18039 0 1 0019f 00000000 
18103 4 3 0019f 00000000 
18133 0 1 001ae 00000000 
18197 4 3 001ae 00000000 
18227 0 1 001bd 00000000 
18291 4 3 001bd 00000000 
18321 0 1 001cc 00000000 
18385 4 3 001cc 00000000 
18415 0 1 001db 00000000 
18479 4 3 001db 00000000 
18509 0 1 001ea 00000000 
18573 4 3 001ea 00000000 
18594 0 2 00209 00000000 
18658 4 3 00209 00000000 
18682 0 1 0010a 00000000 
18746 4 3 0010a 00000000 
18776 0 1 00119 00000000 
18840 4 3 00119 00000000 
18870 0 1 00128 00000000 
18934 4 3 00128 00000000 
18964 0 1 00137 00000000 
19028 4 3 00137 00000000 
19058 0 1 00146 00000000 
19122 4 3 00146 00000000 
19152 0 1 00155 00000000 
19216 4 3 00155 00000000 
19246 0 1 00164 00000000 
19310 4 3 00164 00000000 
19340 0 1 00173 00000000 
19404 4 3 00173 00000000 
19434 0 1 00182 00000000 
19498 4 3 00182 00000000 
19519 0 3 00209 00000000 
19584 0 1 00009 00000000 
19648 4 3 00009 00000000 
19659 0 1 00191 00000000 
19723 4 3 00191 00000000 
19744 0 1 0000a 00000000 
19808 4 3 0000a 00000000 
19819 0 1 001a0 00000000 
19883 4 3 001a0 00000000 
19913 0 1 001af 00000000 
19977 4 3 001af 00000000 
20007 0 1 001be 00000000 
20071 4 3 001be 00000000 
20101 0 1 001cd 00000000 
20165 4 3 001cd 00000000 
20195 0 1 001dc 00000000 
20259 4 3 001dc 00000000 
20289 0 1 001eb 00000000 
20353 4 3 001eb 00000000 
20374 0 2 0020a 00000000 
20438 4 3 0020a 00000000 
20462 0 1 0010b 00000000 
20526 4 3 0010b 00000000 
20556 0 1 0011a 00000000 
20620 4 3 0011a 00000000 
20650 0 1 00129 00000000 
20714 4 3 00129 00000000 
20744 0 1 00138 00000000 
20808 4 3 00138 00000000 
20838 0 1 00147 00000000 
20902 4 3 00147 00000000 
20932 0 1 00156 00000000 
20996 4 3 00156 00000000 
21026 0 1 00165 00000000 
21090 4 3 00165 00000000 
21120 0 1 00174 00000000 
21184 4 3 00174 00000000 
21214 0 1 00183 00000000 
21278 4 3 00183 00000000 
21308 0 1 00192 00000000 
21372 4 3 00192 00000000 
21393 0 3 0020a 00000000 
21458 0 1 0000a 00000000 
21522 4 3 0000a 00000000 
21533 0 1 001a1 00000000 
21597 4 3 001a1 00000000 
21618 0 1 0000b 00000000 
21682 4 3 0000b 00000000 
21693 0 1 001b0 00000000 
21757 4 3 001b0 00000000 
21787 0 1 001bf 00000000 
21851 4 3 001bf 00000000 
21881 0 1 001ce 00000000 
21945 4 3 001ce 00000000 
21975 0 1 001dd 00000000 
22039 4 3 001dd 00000000 
22069 0 1 001ec 00000000 
22133 4 3 001ec 00000000 
22154 0 2 0020b 00000000 
22218 4 3 0020b 00000000 
22242 0 1 0010c 00000000 
22306 4 3 0010c 00000000 
22336 0 1 0011b 00000000 
22400 4 3 0011b 00000000 
22430 0 1 0012a 00000000 
22494 4 3 0012a 00000000 
22524 0 1 00139 00000000 
22588 4 3 00139 00000000 
22618 0 1 00148 00000000 
22682 4 3 00148 00000000 
22712 0 1 00157 00000000 
22776 4 3 00157 00000000 
22806 0 1 00166 00000000 
22870 4 3 00166 00000000 
22900 0 1 00175 00000000 
22964 4 3 00175 00000000 
22994 0 1 00184 00000000 
23058 4 3 00184 00000000 
23088 0 1 00193 00000000 
23152 4 3 00193 00000000 
23182 0 1 001a2 00000000 
23246 4 3 001a2 00000000 
23267 0 3 0020b 00000000 
23332 0 1 0000b 00000000 
23396 4 3 0000b 00000000 
23407 0 1 001b1 00000000 
23471 4 3 001b1 00000000 
23492 0 1 0000c 00000000 
23556 4 3 0000c 00000000 
23567 0 1 001c0 00000000 
23631 4 3 001c0 00000000 
23661 0 1 001cf 00000000 
23725 4 3 001cf 00000000 
23755 0 1 001de 00000000 
23819 4 3 001de 00000000 
23849 0 1 001ed 00000000 
23913 4 3 001ed 00000000 
23934 0 2 0020c 00000000 
23998 4 3 0020c 00000000 
24022 0 1 0010d 00000000 
24086 4 3 0010d 00000000 
24116 0 1 0011c 00000000 
24180 4 3 0011c 00000000 
24210 0 1 0012b 00000000 
24274 4 3 0012b 00000000 
24304 0 1 0013a 00000000 
24368 4 3 0013a 00000000 
24398 0 1 00149 00000000 
24462 4 3 00149 00000000 
24492 0 1 00158 00000000 
24556 4 3 00158 00000000 
24586 0 1 00167 00000000 
24650 4 3 00167 00000000 
24680 0 1 00176 00000000 
24744 4 3 00176 00000000 
24774 0 1 00185 00000000 
24838 4 3 00185 00000000 
24868 0 1 00194 00000000 
24932 4 3 00194 00000000 
24962 0 1 001a3 00000000 
25026 4 3 001a3 00000000 
25056 0 1 001b2 00000000 
25120 4 3 001b2 00000000 
25141 0 3 0020c 00000000 
25206 0 1 0000c 00000000 
25270 4 3 0000c 00000000 
25281 0 1 001c1 00000000 
25345 4 3 001c1 00000000 
25366 0 1 0000d 00000000 
25430 4 3 0000d 00000000 
25441 0 1 001d0 00000000 
25505 4 3 001d0 00000000 
25535 0 1 001df 00000000 
25599 4 3 001df 00000000 
25629 0 1 001ee 00000000 
25693 4 3 001ee 00000000 
25714 0 2 0020d 00000000 
25778 4 3 0020d 00000000 
25802 0 1 0010e 00000000 
25866 4 3 0010e 00000000 
25896 0 1 0011d 00000000 
25960 4 3 0011d 00000000 
25990 0 1 0012c 00000000 
26054 4 3 0012c 00000000 
26084 0 1 0013b 00000000 
26148 4 3 0013b 00000000 
26178 0 1 0014a 00000000 
26242 4 3 0014a 00000000 
26272 0 1 00159 00000000 
26336 4 3 00159 00000000 
26366 0 1 00168 00000000 
26430 4 3 00168 00000000 
26460 0 1 00177 00000000 
26524 4 3 00177 00000000 
26554 0 1 00186 00000000 
26618 4 3 00186 00000000 
26648 0 1 00195 00000000 
26712 4 3 00195 00000000 
26742 0 1 001a4 00000000 
26806 4 3 001a4 00000000 
26836 0 1 001b3 00000000 
26900 4 3 001b3 00000000 
26930 0 1 001c2 00000000 
26994 4 3 001c2 00000000 
27015 0 3 0020d 00000000 
27080 0 1 0000d 00000000 
27144 4 3 0000d 00000000 
27155 0 1 001d1 00000000 
27219 4 3 001d1 00000000 
27240 0 1 0000e 00000000 
27304 4 3 0000e 00000000 
27315 0 1 001e0 00000000 
27379 4 3 001e0 00000000 
27409 0 1 001ef 00000000 
27473 4 3 001ef 00000000 
27494 0 2 0020e 00000000 
27558 4 3 0020e 00000000 
27582 0 1 0010f 00000000 
27646 4 3 0010f 00000000 
28031 0 3 0020e 00000000 
28096 0 1 0000e 00000000 
28160 4 3 0000e 00000000 
28190 0 1 0000f 00000000 
28254 4 3 0000f 00000000 
28265 0 1 001f0 00000000 
28329 4 3 001f0 00000000 
28350 0 2 0020f 00000000 
28414 4 3 0020f 00000000 
28436 0 3 0020f 00000000 
28501 0 1 0000f 00000000 
28565 4 3 0000f 00000000 
28576 0 1 00100 00000000 
28640 4 3 00100 00000002 
28661 0 1 00010 00000000 
28725 4 3 00010 00000000 
28736 0 1 0010f 00000000 
28800 4 3 0010f 00000000 
28821 0 1 00011 00000000 
28885 4 3 00011 00000001 
28915 0 1 00012 00000000 
28979 4 3 00012 00000000 
29009 0 1 00013 00000000 
29073 4 3 00013 00000000 
29103 0 1 00014 00000000 
29167 4 3 00014 00000000 
29197 0 1 00015 00000000 
29261 4 3 00015 00000000 
29291 0 1 00016 00000000 
29355 4 3 00016 00000000 
29385 0 1 00017 00000000 
29449 4 3 00017 00000000 
29479 0 1 00018 00000000 
29543 4 3 00018 00000000 
29573 0 1 00019 00000000 
29637 4 3 00019 00000000 
29667 0 1 0001a 00000000 
29731 4 3 0001a 00000000 
29761 0 1 0001b 00000000 
29825 4 3 0001b 00000000 
29855 0 1 0001c 00000000 
29919 4 3 0001c 00000000 
29949 0 1 0001d 00000000 
30013 4 3 0001d 00000000 
30043 0 1 0001e 00000000 
30107 4 3 0001e 00000000 
30137 0 2 0020f 00000000 
30201 4 3 0020f 00000000 
30216 0 3 0020f 00000000 
30281 0 1 0000f 00000000 
30345 4 3 0000f 00000000 
30356 0 1 00101 00000000 
30420 4 3 00101 00000000 
30450 0 1 00110 00000000 
30514 4 3 00110 00000000 
30927 0 2 00210 00000000 
30991 4 3 00210 00000000 
31015 0 1 00102 00000000 
31079 4 3 00102 00000000 
31100 0 3 00210 00000000 
31165 0 1 00010 00000000 
31229 4 3 00010 00000000 
31240 0 1 00111 00000000 
31304 4 3 00111 00000002 
31325 0 1 00011 00000000 
31389 4 3 00011 00000001 
31783 0 2 00211 00000000 
31847 4 3 00211 00000000 
31871 0 1 00103 00000000 
31935 4 3 00103 00000000 
31965 0 1 00112 00000000 
32029 4 3 00112 00000000 
32050 0 3 00211 00000000 
32115 0 1 00011 00000000 
32179 4 3 00011 00000001 
32209 0 1 00012 00000000 
32273 4 3 00012 00000000 
32639 0 2 00212 00000000 
32703 4 3 00212 00000000 
32727 0 1 00104 00000000 
32791 4 3 00104 00000000 
32821 0 1 00113 00000000 
32885 4 3 00113 00000000 
32934 0 3 00212 00000000 
32999 0 1 00012 00000000 
33063 4 3 00012 00000000 
33093 0 1 00013 00000000 
33157 4 3 00013 00000000 
33495 0 2 00213 00000000 
33559 4 3 00213 00000000 
33583 0 1 00105 00000000 
33647 4 3 00105 00000000 
33677 0 1 00114 00000000 
33741 4 3 00114 00000000 
33818 0 3 00213 00000003 
33883 0 1 00013 00000000 
33947 4 3 00013 00000000 
33977 0 1 00014 00000000 
34041 4 3 00014 00000000 
34351 0 2 00214 00000000 
34415 4 3 00214 00000000 
34439 0 1 00106 00000000 
34503 4 3 00106 00000000 
34533 0 1 00115 00000000 
34597 4 3 00115 00000000 
34702 0 3 00214 00000000 
34767 0 1 00014 00000000 
34831 4 3 00014 00000000 
34861 0 1 00015 00000000 
34925 4 3 00015 00000000 
35207 0 2 00215 00000000 
35271 4 3 00215 00000000 
35295 0 1 00107 00000000 
35359 4 3 00107 00000000 
35389 0 1 00116 00000000 
35453 4 3 00116 00000000 
35586 0 3 00215 00000000 
35651 0 1 00015 00000000 
35715 4 3 00015 00000000 
35745 0 1 00016 00000000 
35809 4 3 00016 00000000 
36063 0 2 00216 00000000 
36127 4 3 00216 00000000 
36151 0 1 00108 00000000 
36215 4 3 00108 00000000 
36245 0 1 00117 00000000 
36309 4 3 00117 00000000 
36470 0 3 00216 00000000 
36535 0 1 00016 00000000 
36599 4 3 00016 00000000 
36629 0 1 00017 00000000 
36693 4 3 00017 00000000 
36919 0 2 00217 00000000 
36983 4 3 00217 00000000 
37007 0 1 00109 00000000 
37071 4 3 00109 00000000 
37101 0 1 00118 00000000 
37165 4 3 00118 00000000 
37354 0 3 00217 00000000 
37419 0 1 00017 00000000 
37483 4 3 00017 00000000 
37513 0 1 00018 00000000 
37577 4 3 00018 00000000 
37775 0 2 00218 00000000 
37839 4 3 00218 00000000 
37863 0 1 0010a 00000000 
37927 4 3 0010a 00000000 
37957 0 1 00119 00000000 
38021 4 3 00119 00000000 
38238 0 3 00218 00000000 
38303 0 1 00018 00000000 
38367 4 3 00018 00000000 
38397 0 1 00019 00000000 
38461 4 3 00019 00000000 
38631 0 2 00219 00000000 
38695 4 3 00219 00000000 
38719 0 1 0010b 00000000 
38783 4 3 0010b 00000000 
38813 0 1 0011a 00000000 
38877 4 3 0011a 00000000 
39122 0 3 00219 00000000 
39187 0 1 00019 00000000 
39251 4 3 00019 00000000 
39281 0 1 0001a 00000000 
39345 4 3 0001a 00000000 
39487 0 2 0021a 00000000 
39551 4 3 0021a 00000000 
39575 0 1 0010c 00000000 
39639 4 3 0010c 00000000 
39669 0 1 0011b 00000000 
39733 4 3 0011b 00000000 
40006 0 3 0021a 00000000 
40071 0 1 0001a 00000000 
40135 4 3 0001a 00000000 
40165 0 1 0001b 00000000 
40229 4 3 0001b 00000000 
40343 0 2 0021b 00000000 
40407 4 3 0021b 00000000 
40431 0 1 0010d 00000000 
40495 4 3 0010d 00000000 
40525 0 1 0011c 00000000 
40589 4 3 0011c 00000000 
40890 0 3 0021b 00000000 
40955 0 1 0001b 00000000 
41019 4 3 0001b 00000000 
41049 0 1 0001c 00000000 
41113 4 3 0001c 00000000 
41199 0 2 0021c 00000000 
41263 4 3 0021c 00000000 
41287 0 1 0010e 00000000 
41351 4 3 0010e 00000000 
41381 0 1 0011d 00000000 
41445 4 3 0011d 00000000 
41774 0 3 0021c 00000000 
41839 0 1 0001c 00000000 
41903 4 3 0001c 00000000 
41933 0 1 0001d 00000000 
41997 4 3 0001d 00000000 
42055 0 2 0021d 00000000 
42119 4 3 0021d 00000000 
42143 0 1 0010f 00000000 
42207 4 3 0010f 00000000 
42237 0 1 0011e 00000000 
42301 4 3 0011e 00000000 
42658 0 3 0021d 00000000 
42723 0 1 0001d 00000000 
42787 4 3 0001d 00000000 
42817 0 1 0001e 00000000 
42881 4 3 0001e 00000000 
42911 0 2 0021e 00000000 
42975 4 3 0021e 00000000 
42997 0 3 0021e 00000000 
43062 0 1 0001e 00000000 
43126 4 3 0001e 00000000 
43156 0 1 0001f 00000000 
43220 4 3 0001f 00000000 
43250 0 1 00020 00000000 
43314 4 3 00020 00000000 
43325 0 1 0011e 00000000 
43389 4 3 0011e 00000000 
43410 0 1 00021 00000000 
43474 4 3 00021 00000002 
43504 0 1 00022 00000000 
43568 4 3 00022 00000000 
43598 0 1 00023 00000000 
43662 4 3 00023 00000000 
43692 0 1 00024 00000000 
43756 4 3 00024 00000000 
43786 0 1 00025 00000000 
43850 4 3 00025 00000000 
43880 0 1 00026 00000000 
43944 4 3 00026 00000000 
43974 0 1 00027 00000000 
44038 4 3 00027 00000000 
44068 0 1 00028 00000000 
44132 4 3 00028 00000000 
44162 0 1 00029 00000000 
44226 4 3 00029 00000000 
44256 0 1 0002a 00000000 
44320 4 3 0002a 00000000 
44350 0 1 0002b 00000000 
44414 4 3 0002b 00000000 
44444 0 1 0002c 00000000 
44508 4 3 0002c 00000000 
44538 0 1 0002d 00000000 
44602 4 3 0002d 00000000 
44632 0 2 0021e 00000000 
44696 4 3 0021e 00000000 
44711 0 3 0021e 00000000 
44776 0 1 0001e 00000000 
44840 4 3 0001e 00000000 
44879 0 1 00110 00000000 
44943 4 3 00110 00000000 
44973 0 1 0011f 00000000 
45037 4 3 0011f 00000000 
45422 0 2 0021f 00000000 
45486 4 3 0021f 00000000 
45529 0 3 0021f 00000000 
45594 0 1 0001f 00000000 
45658 4 3 0001f 00000000 
45669 0 1 00111 00000000 
45733 4 3 00111 00000002 
45763 0 1 00120 00000000 
45827 4 3 00120 00000000 
46212 0 2 00220 00000000 
46276 4 3 00220 00000000 
46328 0 1 00112 00000000 
46392 4 3 00112 00000000 
46413 0 3 00220 00000000 
46478 0 1 00020 00000000 
46542 4 3 00020 00000000 
46553 0 1 00121 00000000 
46617 4 3 00121 00000000 
46638 0 1 00021 00000000 
46702 4 3 00021 00000002 
47068 0 2 00221 00000000 
47132 4 3 00221 00000000 
47184 0 1 00113 00000000 
47248 4 3 00113 00000000 
47278 0 1 00122 00000000 
47342 4 3 00122 00000003 
47363 0 3 00221 00000000 
47428 0 1 00021 00000000 
47492 4 3 00021 00000002 
47522 0 1 00022 00000000 
47586 4 3 00022 00000000 
47924 0 2 00222 00000000 
47988 4 3 00222 00000000 
48040 0 1 00114 00000000 
48104 4 3 00114 00000000 
48134 0 1 00123 00000000 
48198 4 3 00123 00000000 
48247 0 3 00222 00000000 
48312 0 1 00022 00000000 
48376 4 3 00022 00000000 
48406 0 1 00023 00000000 
48470 4 3 00023 00000000 
48780 0 2 00223 00000000 
48844 4 3 00223 00000000 
48896 0 1 00115 00000000 
48960 4 3 00115 00000000 
48990 0 1 00124 00000000 
49054 4 3 00124 00000000 
49131 0 3 00223 00000000 
49196 0 1 00023 00000000 
49260 4 3 00023 00000000 
49290 0 1 00024 00000000 
49354 4 3 00024 00000000 
49636 0 2 00224 00000000 
49700 4 3 00224 00000000 
49752 0 1 00116 00000000 
49816 4 3 00116 00000000 
49846 0 1 00125 00000000 
49910 4 3 00125 00000000 
50015 0 3 00224 00000000 
50080 0 1 00024 00000000 
50144 4 3 00024 00000000 
50174 0 1 00025 00000000 
50238 4 3 00025 00000000 
50492 0 2 00225 00000000 
50556 4 3 00225 00000000 
50608 0 1 00117 00000000 
50672 4 3 00117 00000000 
50702 0 1 00126 00000000 
50766 4 3 00126 00000000 
50899 0 3 00225 00000000 
50964 0 1 00025 00000000 
51028 4 3 00025 00000000 
51058 0 1 00026 00000000 
51122 4 3 00026 00000000 
51348 0 2 00226 00000000 
51412 4 3 00226 00000000 
51464 0 1 00118 00000000 
51528 4 3 00118 00000000 
51558 0 1 00127 00000000 
51622 4 3 00127 00000000 
51783 0 3 00226 00000000 
51848 0 1 00026 00000000 
51912 4 3 00026 00000000 
51942 0 1 00027 00000000 
52006 4 3 00027 00000000 
52204 0 2 00227 00000000 
52268 4 3 00227 00000000 
52320 0 1 00119 00000000 
52384 4 3 00119 00000000 
52414 0 1 00128 00000000 
52478 4 3 00128 00000000 
52667 0 3 00227 00000000 
52732 0 1 00027 00000000 
52796 4 3 00027 00000000 
52826 0 1 00028 00000000 
52890 4 3 00028 00000000 
53060 0 2 00228 00000000 
53124 4 3 00228 00000000 
53176 0 1 0011a 00000000 
53240 4 3 0011a 00000000 
53270 0 1 00129 00000000 
53334 4 3 00129 00000000 
53551 0 3 00228 00000000 
53616 0 1 00028 00000000 
53680 4 3 00028 00000000 
53710 0 1 00029 00000000 
53774 4 3 00029 00000000 
53916 0 2 00229 00000000 
53980 4 3 00229 00000000 
54032 0 1 0011b 00000000 
54096 4 3 0011b 00000000 
54126 0 1 0012a 00000000 
54190 4 3 0012a 00000000 
54435 0 3 00229 00000000 
54500 0 1 00029 00000000 
54564 4 3 00029 00000000 
54594 0 1 0002a 00000000 
54658 4 3 0002a 00000000 
54772 0 2 0022a 00000000 
54836 4 3 0022a 00000000 
54888 0 1 0011c 00000000 
54952 4 3 0011c 00000000 
54982 0 1 0012b 00000000 
55046 4 3 0012b 00000000 
55319 0 3 0022a 00000000 
55384 0 1 0002a 00000000 
55448 4 3 0002a 00000000 
55478 0 1 0002b 00000000 
55542 4 3 0002b 00000000 
55628 0 2 0022b 00000000 
55692 4 3 0022b 00000000 
55744 0 1 0011d 00000000 
55808 4 3 0011d 00000000 
55838 0 1 0012c 00000000 
55902 4 3 0012c 00000000 
56203 0 3 0022b 00000000 
56268 0 1 0002b 00000000 
56332 4 3 0002b 00000000 
56362 0 1 0002c 00000000 
56426 4 3 0002c 00000000 
56484 0 2 0022c 00000000 
56548 4 3 0022c 00000000 
56600 0 1 0011e 00000000 
56664 4 3 0011e 00000000 
56694 0 1 0012d 00000000 
56758 4 3 0012d 00000000 
57087 0 3 0022c 00000000 
57152 0 1 0002c 00000000 
57216 4 3 0002c 00000000 
57246 0 1 0002d 00000000 
57310 4 3 0002d 00000000 
57340 0 2 0022d 00000000 
57404 4 3 0022d 00000000 
57426 0 3 0022d 00000000 
57491 0 1 0002d 00000000 
57555 4 3 0002d 00000000 
57585 0 1 0002e 00000000 
57649 4 3 0002e 00000000 
57679 0 1 0002f 00000000 
57743 4 3 0002f 00000000 
57773 0 1 00030 00000000 
57837 4 3 00030 00000000 
57848 0 1 0012d 00000000 
57912 4 3 0012d 00000000 
57933 0 1 00031 00000000 
57997 4 3 00031 00000000 
58027 0 1 00032 00000000 
58091 4 3 00032 00000000 
58121 0 1 00033 00000000 
58185 4 3 00033 00000000 
58215 0 1 00034 00000000 
58279 4 3 00034 00000000 
58309 0 1 00035 00000000 
58373 4 3 00035 00000000 
58403 0 1 00036 00000000 
58467 4 3 00036 00000000 
58497 0 1 00037 00000000 
58561 4 3 00037 00000000 
58591 0 1 00038 00000000 
58655 4 3 00038 00000000 
58685 0 1 00039 00000000 
58749 4 3 00039 00000000 
58779 0 1 0003a 00000000 
58843 4 3 0003a 00000000 
58873 0 1 0003b 00000000 
58937 4 3 0003b 00000000 
58967 0 1 0003c 00000000 
59031 4 3 0003c 00000000 
59061 0 2 0022d 00000000 
59125 4 3 0022d 00000000 
59140 0 3 0022d 00000000 
59205 0 1 0002d 00000000 
59269 4 3 0002d 00000000 
59336 0 1 0011f 00000000 
59400 4 3 0011f 00000000 
59430 0 1 0012e 00000000 
59494 4 3 0012e 00000000 
59851 0 2 0022e 00000000 
59915 4 3 0022e 00000000 
59958 0 3 0022e 00000000 
60023 0 1 0002e 00000000 
60087 4 3 0002e 00000000 
60126 0 1 00120 00000000 
60190 4 3 00120 00000000 
60220 0 1 0012f 00000000 
60284 4 3 0012f 00000000 
60641 0 2 0022f 00000000 
60705 4 3 0022f 00000000 
60776 0 3 0022f 00000000 
60841 0 1 0002f 00000000 
60905 4 3 0002f 00000000 
60916 0 1 00121 00000000 
60980 4 3 00121 00000000 
61010 0 1 00130 00000000 
61074 4 3 00130 00000000 
61431 0 2 00230 00000000 
61495 4 3 00230 00000000 
61575 0 1 00122 00000000 
61639 4 3 00122 00000003 
61660 0 3 00230 00000000 
61725 0 1 00030 00000000 
61789 4 3 00030 00000000 
61800 0 1 00131 00000000 
61864 4 3 00131 00000000 
61885 0 1 00031 00000000 
61949 4 3 00031 00000000 
62287 0 2 00231 00000000 
62351 4 3 00231 00000000 
62431 0 1 00123 00000000 
62495 4 3 00123 00000000 
62525 0 1 00132 00000000 
62589 4 3 00132 00000000 
62610 0 3 00231 00000000 
62675 0 1 00031 00000000 
62739 4 3 00031 00000000 
62769 0 1 00032 00000000 
62833 4 3 00032 00000000 
63143 0 2 00232 00000000 
63207 4 3 00232 00000000 
63287 0 1 00124 00000000 
63351 4 3 00124 00000000 
63381 0 1 00133 00000000 
63445 4 3 00133 00000000 
63494 0 3 00232 00000000 
63559 0 1 00032 00000000 
63623 4 3 00032 00000000 
63653 0 1 00033 00000000 
63717 4 3 00033 00000000 
63999 0 2 00233 00000000 
64063 4 3 00233 00000000 
64143 0 1 00125 00000000 
64207 4 3 00125 00000000 
64237 0 1 00134 00000000 
64301 4 3 00134 00000000 
64378 0 3 00233 00000000 
64443 0 1 00033 00000000 
64507 4 3 00033 00000000 
64537 0 1 00034 00000000 
64601 4 3 00034 00000000 
64855 0 2 00234 00000000 
64919 4 3 00234 00000000 
64999 0 1 00126 00000000 
65063 4 3 00126 00000000 
65093 0 1 00135 00000000 
65157 4 3 00135 00000000 
65262 0 3 00234 00000000 
65327 0 1 00034 00000000 
65391 4 3 00034 00000000 
65421 0 1 00035 00000000 
65485 4 3 00035 00000000 
65711 0 2 00235 00000000 
65775 4 3 00235 00000000 
65855 0 1 00127 00000000 
65919 4 3 00127 00000000 
65949 0 1 00136 00000000 
66013 4 3 00136 00000000 
66146 0 3 00235 00000000 
66211 0 1 00035 00000000 
66275 4 3 00035 00000000 
66305 0 1 00036 00000000 
66369 4 3 00036 00000000 
66567 0 2 00236 00000000 
66631 4 3 00236 00000000 
66711 0 1 00128 00000000 
66775 4 3 00128 00000000 
66805 0 1 00137 00000000 
66869 4 3 00137 00000000 
67030 0 3 00236 00000000 
67095 0 1 00036 00000000 
67159 4 3 00036 00000000 
67189 0 1 00037 00000000 
67253 4 3 00037 00000000 
67423 0 2 00237 00000000 
67487 4 3 00237 00000000 
67567 0 1 00129 00000000 
67631 4 3 00129 00000000 
67661 0 1 00138 00000000 
67725 4 3 00138 00000000 
67914 0 3 00237 00000000 
67979 0 1 00037 00000000 
68043 4 3 00037 00000000 
68073 0 1 00038 00000000 
68137 4 3 00038 00000000 
68279 0 2 00238 00000000 
68343 4 3 00238 00000000 
68423 0 1 0012a 00000000 
68487 4 3 0012a 00000000 
68517 0 1 00139 00000000 
68581 4 3 00139 00000000 
68798 0 3 00238 00000000 
68863 0 1 00038 00000000 
68927 4 3 00038 00000000 
68957 0 1 00039 00000000 
69021 4 3 00039 00000000 
69135 0 2 00239 00000000 
69199 4 3 00239 00000000 
69279 0 1 0012b 00000000 
69343 4 3 0012b 00000000 
69373 0 1 0013a 00000000 
69437 4 3 0013a 00000000 
69682 0 3 00239 00000000 
69747 0 1 00039 00000000 
69811 4 3 00039 00000000 
69841 0 1 0003a 00000000 
69905 4 3 0003a 00000000 
69991 0 2 0023a 00000000 
70055 4 3 0023a 00000000 
70135 0 1 0012c 00000000 
70199 4 3 0012c 00000000 
70229 0 1 0013b 00000000 
70293 4 3 0013b 00000000 
70566 0 3 0023a 00000000 
70631 0 1 0003a 00000000 
70695 4 3 0003a 00000000 
70725 0 1 0003b 00000000 
70789 4 3 0003b 00000000 
70847 0 2 0023b 00000000 
70911 4 3 0023b 00000000 
70991 0 1 0012d 00000000 
71055 4 3 0012d 00000000 
71085 0 1 0013c 00000000 
71149 4 3 0013c 00000000 
71450 0 3 0023b 00000000 
71515 0 1 0003b 00000000 
71579 4 3 0003b 00000000 
71609 0 1 0003c 00000000 
71673 4 3 0003c 00000000 
71703 0 2 0023c 00000000 
71767 4 3 0023c 00000000 
71789 0 3 0023c 00000000 
71854 0 1 0003c 00000000 
71918 4 3 0003c 00000000 
71948 0 1 0003d 00000000 
72012 4 3 0003d 00000000 
72042 0 1 0003e 00000000 
72106 4 3 0003e 00000000 
72136 0 1 0003f 00000000 
72200 4 3 0003f 00000000 
72230 0 1 00040 00000000 
72294 4 3 00040 00000000 
72305 0 1 0013c 00000000 
72369 4 3 0013c 00000000 
72390 0 1 00041 00000000 
72454 4 3 00041 00000000 
72484 0 1 00042 00000000 
72548 4 3 00042 00000000 
72578 0 1 00043 00000000 
72642 4 3 00043 00000000 
72672 0 1 00044 00000000 
72736 4 3 00044 00000000 
72766 0 1 00045 00000000 
72830 4 3 00045 00000000 
72860 0 1 00046 00000000 
72924 4 3 00046 00000000 
72954 0 1 00047 00000000 
73018 4 3 00047 00000000 
73048 0 1 00048 00000000 
73112 4 3 00048 00000000 
73142 0 1 00049 00000000 
73206 4 3 00049 00000000 
73236 0 1 0004a 00000000 
73300 4 3 0004a 00000000 
73330 0 1 0004b 00000000 
73394 4 3 0004b 00000000 
73424 0 2 0023c 00000000 
73488 4 3 0023c 00000000 
73503 0 3 0023c 00000000 
73568 0 1 0003c 00000000 
73632 4 3 0003c 00000000 
73727 0 1 0012e 00000000 
73791 4 3 0012e 00000000 
73821 0 1 0013d 00000000 
73885 4 3 0013d 00000000 
74214 0 2 0023d 00000000 
74278 4 3 0023d 00000000 
74321 0 3 0023d 00000000 
74386 0 1 0003d 00000000 
74450 4 3 0003d 00000000 
74517 0 1 0012f 00000000 
74581 4 3 0012f 00000000 
74611 0 1 0013e 00000000 
74675 4 3 0013e 00000000 
75004 0 2 0023e 00000000 
75068 4 3 0023e 00000000 
75139 0 3 0023e 00000000 
75204 0 1 0003e 00000000 
75268 4 3 0003e 00000000 
75307 0 1 00130 00000000 
75371 4 3 00130 00000000 
75401 0 1 0013f 00000000 
75465 4 3 0013f 00000000 
75794 0 2 0023f 00000000 
75858 4 3 0023f 00000000 
75957 0 3 0023f 00000000 
76022 0 1 0003f 00000000 
76086 4 3 0003f 00000000 
76097 0 1 00131 00000000 
76161 4 3 00131 00000000 
76191 0 1 00140 00000000 
76255 4 3 00140 00000000 
76584 0 2 00240 00000000 
76648 4 3 00240 00000000 
76756 0 1 00132 00000000 
76820 4 3 00132 00000000 
76841 0 3 00240 00000000 
76906 0 1 00040 00000000 
76970 4 3 00040 00000000 
76981 0 1 00141 00000000 
77045 4 3 00141 00000000 
77066 0 1 00041 00000000 
77130 4 3 00041 00000000 
77440 0 2 00241 00000000 
77504 4 3 00241 00000000 
77612 0 1 00133 00000000 
77676 4 3 00133 00000000 
77706 0 1 00142 00000000 
77770 4 3 00142 00000000 
77791 0 3 00241 00000000 
77856 0 1 00041 00000000 
77920 4 3 00041 00000000 
77950 0 1 00042 00000000 
78014 4 3 00042 00000000 
78296 0 2 00242 00000000 
78360 4 3 00242 00000000 
78468 0 1 00134 00000000 
78532 4 3 00134 00000000 
78562 0 1 00143 00000000 
78626 4 3 00143 00000000 
78675 0 3 00242 00000000 
78740 0 1 00042 00000000 
78804 4 3 00042 00000000 
78834 0 1 00043 00000000 
78898 4 3 00043 00000000 
79152 0 2 00243 00000000 
79216 4 3 00243 00000000 
79324 0 1 00135 00000000 
79388 4 3 00135 00000000 
79418 0 1 00144 00000000 
79482 4 3 00144 00000000 
79559 0 3 00243 00000000 
79624 0 1 00043 00000000 
79688 4 3 00043 00000000 
79718 0 1 00044 00000000 
79782 4 3 00044 00000000 
80008 0 2 00244 00000000 
80072 4 3 00244 00000000 
80180 0 1 00136 00000000 
80244 4 3 00136 00000000 
80274 0 1 00145 00000000 
80338 4 3 00145 00000000 
80443 0 3 00244 00000000 
80508 0 1 00044 00000000 
80572 4 3 00044 00000000 
80602 0 1 00045 00000000 
80666 4 3 00045 00000000 
80864 0 2 00245 00000000 
80928 4 3 00245 00000000 
81036 0 1 00137 00000000 
81100 4 3 00137 00000000 
81130 0 1 00146 00000000 
81194 4 3 00146 00000000 
81327 0 3 00245 00000000 
81392 0 1 00045 00000000 
81456 4 3 00045 00000000 
81486 0 1 00046 00000000 
81550 4 3 00046 00000000 
81720 0 2 00246 00000000 
81784 4 3 00246 00000000 
81892 0 1 00138 00000000 
81956 4 3 00138 00000000 
81986 0 1 00147 00000000 
82050 4 3 00147 00000000 
82211 0 3 00246 00000000 
82276 0 1 00046 00000000 
82340 4 3 00046 00000000 
82370 0 1 00047 00000000 
82434 4 3 00047 00000000 
82576 0 2 00247 00000000 
82640 4 3 00247 00000000 
82748 0 1 00139 00000000 
82812 4 3 00139 00000000 
82842 0 1 00148 00000000 
82906 4 3 00148 00000000 
83095 0 3 00247 00000000 
83160 0 1 00047 00000000 
83224 4 3 00047 00000000 
83254 0 1 00048 00000000 
83318 4 3 00048 00000000 
83432 0 2 00248 00000000 
83496 4 3 00248 00000000 
83604 0 1 0013a 00000000 
83668 4 3 0013a 00000000 
83698 0 1 00149 00000000 
83762 4 3 00149 00000000 
83979 0 3 00248 00000000 
84044 0 1 00048 00000000 
84108 4 3 00048 00000000 
84138 0 1 00049 00000000 
84202 4 3 00049 00000000 
84288 0 2 00249 00000000 
84352 4 3 00249 00000000 
84460 0 1 0013b 00000000 
84524 4 3 0013b 00000000 
84554 0 1 0014a 00000000 
84618 4 3 0014a 00000000 
84863 0 3 00249 00000000 
84928 0 1 00049 00000000 
84992 4 3 00049 00000000 
85022 0 1 0004a 00000000 
85086 4 3 0004a 00000000 
85144 0 2 0024a 00000000 
85208 4 3 0024a 00000000 
85316 0 1 0013c 00000000 
85380 4 3 0013c 00000000 
85410 0 1 0014b 00000000 
85474 4 3 0014b 00000000 
85747 0 3 0024a 00000000 
85812 0 1 0004a 00000000 
85876 4 3 0004a 00000000 
85906 0 1 0004b 00000000 
85970 4 3 0004b 00000000 
86000 0 2 0024b 00000000 
86064 4 3 0024b 00000000 
86086 0 3 0024b 00000000 
86151 0 1 0004b 00000000 
86215 4 3 0004b 00000000 
86245 0 1 0004c 00000000 
86309 4 3 0004c 00000000 
86339 0 1 0004d 00000000 
86403 4 3 0004d 00000000 
86433 0 1 0004e 00000000 
86497 4 3 0004e 00000000 
86527 0 1 0004f 00000000 
86591 4 3 0004f 00000000 
86621 0 1 00050 00000000 
86685 4 3 00050 00000000 
86696 0 1 0014b 00000000 
86760 4 3 0014b 00000000 
86781 0 1 00051 00000000 
86845 4 3 00051 00000000 
86875 0 1 00052 00000000 
86939 4 3 00052 00000000 
86969 0 1 00053 00000000 
87033 4 3 00053 00000000 
87063 0 1 00054 00000000 
87127 4 3 00054 00000000 
87157 0 1 00055 00000000 
87221 4 3 00055 00000000 
87251 0 1 00056 00000000 
87315 4 3 00056 00000000 
87345 0 1 00057 00000000 
87409 4 3 00057 00000000 
87439 0 1 00058 00000000 
87503 4 3 00058 00000000 
87533 0 1 00059 00000000 
87597 4 3 00059 00000000 
87627 0 1 0005a 00000000 
87691 4 3 0005a 00000000 
87721 0 2 0024b 00000000 
87785 4 3 0024b 00000000 
87800 0 3 0024b 00000000 
87865 0 1 0004b 00000000 
87929 4 3 0004b 00000000 
88052 0 1 0013d 00000000 
88116 4 3 0013d 00000000 
88146 0 1 0014c 00000000 
88210 4 3 0014c 00000000 
88511 0 2 0024c 00000000 
88575 4 3 0024c 00000000 
88618 0 3 0024c 00000000 
88683 0 1 0004c 00000000 
88747 4 3 0004c 00000000 
88842 0 1 0013e 00000000 
88906 4 3 0013e 00000000 
88936 0 1 0014d 00000000 
89000 4 3 0014d 00000000 
89301 0 2 0024d 00000000 
89365 4 3 0024d 00000000 
89436 0 3 0024d 00000000 
89501 0 1 0004d 00000000 
89565 4 3 0004d 00000000 
89632 0 1 0013f 00000000 
89696 4 3 0013f 00000000 
89726 0 1 0014e 00000000 
89790 4 3 0014e 00000000 
90091 0 2 0024e 00000000 
90155 4 3 0024e 00000000 
90254 0 3 0024e 00000000 
90319 0 1 0004e 00000000 
90383 4 3 0004e 00000000 
90422 0 1 00140 00000000 
90486 4 3 00140 00000000 
90516 0 1 0014f 00000000 
90580 4 3 0014f 00000000 
90881 0 2 0024f 00000000 
90945 4 3 0024f 00000000 
91072 0 3 0024f 00000000 
91137 0 1 0004f 00000000 
91201 4 3 0004f 00000000 
91212 0 1 00141 00000000 
91276 4 3 00141 00000000 
91306 0 1 00150 00000000 
91370 4 3 00150 00000000 
91671 0 2 00250 00000000 
91735 4 3 00250 00000000 
91871 0 1 00142 00000000 
91935 4 3 00142 00000000 
91956 0 3 00250 00000000 
92021 0 1 00050 00000000 
92085 4 3 00050 00000000 
92096 0 1 00151 00000000 
92160 4 3 00151 00000000 
92181 0 1 00051 00000000 
92245 4 3 00051 00000000 
92527 0 2 00251 00000000 
92591 4 3 00251 00000000 
92727 0 1 00143 00000000 
92791 4 3 00143 00000000 
92821 0 1 00152 00000000 
92885 4 3 00152 00000000 
92906 0 3 00251 00000000 
92971 0 1 00051 00000000 
93035 4 3 00051 00000000 
93065 0 1 00052 00000000 
93129 4 3 00052 00000000 
93383 0 2 00252 00000000 
93447 4 3 00252 00000000 
93583 0 1 00144 00000000 
93647 4 3 00144 00000000 
93677 0 1 00153 00000000 
93741 4 3 00153 00000000 
93790 0 3 00252 00000000 
93855 0 1 00052 00000000 
93919 4 3 00052 00000000 
93949 0 1 00053 00000000 
94013 4 3 00053 00000000 
94239 0 2 00253 00000000 
94303 4 3 00253 00000000 
94439 0 1 00145 00000000 
94503 4 3 00145 00000000 
94533 0 1 00154 00000000 
94597 4 3 00154 00000000 
94674 0 3 00253 00000000 
94739 0 1 00053 00000000 
94803 4 3 00053 00000000 
94833 0 1 00054 00000000 
94897 4 3 00054 00000000 
95095 0 2 00254 00000000 
95159 4 3 00254 00000000 
95295 0 1 00146 00000000 
95359 4 3 00146 00000000 
95389 0 1 00155 00000000 
95453 4 3 00155 00000000 
95558 0 3 00254 00000000 
95623 0 1 00054 00000000 
95687 4 3 00054 00000000 
95717 0 1 00055 00000000 
95781 4 3 00055 00000000 
95951 0 2 00255 00000000 
96015 4 3 00255 00000000 
96151 0 1 00147 00000000 
96215 4 3 00147 00000000 
96245 0 1 00156 00000000 
96309 4 3 00156 00000000 
96442 0 3 00255 00000000 
96507 0 1 00055 00000000 
96571 4 3 00055 00000000 
96601 0 1 00056 00000000 
96665 4 3 00056 00000000 
96807 0 2 00256 00000000 
96871 4 3 00256 00000000 
97007 0 1 00148 00000000 
97071 4 3 00148 00000000 
97101 0 1 00157 00000000 
97165 4 3 00157 00000000 
97326 0 3 00256 00000000 
97391 0 1 00056 00000000 
97455 4 3 00056 00000000 
97485 0 1 00057 00000000 
97549 4 3 00057 00000000 
97663 0 2 00257 00000000 
97727 4 3 00257 00000000 
97863 0 1 00149 00000000 
97927 4 3 00149 00000000 
97957 0 1 00158 00000000 
98021 4 3 00158 00000000 
98210 0 3 00257 00000000 
98275 0 1 00057 00000000 
98339 4 3 00057 00000000 
98369 0 1 00058 00000000 
98433 4 3 00058 00000000 
98519 0 2 00258 00000000 
98583 4 3 00258 00000000 
98719 0 1 0014a 00000000 
98783 4 3 0014a 00000000 
98813 0 1 00159 00000000 
98877 4 3 00159 00000000 
99094 0 3 00258 00000000 
99159 0 1 00058 00000000 
99223 4 3 00058 00000000 
99253 0 1 00059 00000000 
99317 4 3 00059 00000000 
99375 0 2 00259 00000000 
99439 4 3 00259 00000000 
99575 0 1 0014b 00000000 
99639 4 3 0014b 00000000 
99669 0 1 0015a 00000000 
99733 4 3 0015a 00000000 
99978 0 3 00259 00000000 
100043 0 1 00059 00000000 
100107 4 3 00059 00000000 
100137 0 1 0005a 00000000 
100201 4 3 0005a 00000000 
100231 0 2 0025a 00000000 
100295 4 3 0025a 00000000 
100317 0 3 0025a 00000000 
100382 0 1 0005a 00000000 
100446 4 3 0005a 00000000 
100476 0 1 0005b 00000000 
100540 4 3 0005b 00000000 
100570 0 1 0005c 00000000 
100634 4 3 0005c 00000000 
100664 0 1 0005d 00000000 
100728 4 3 0005d 00000000 
100758 0 1 0005e 00000000 
100822 4 3 0005e 00000000 
100852 0 1 0005f 00000000 
100916 4 3 0005f 00000000 
100946 0 1 00060 00000000 
101010 4 3 00060 00000000 
101021 0 1 0015a 00000000 
101085 4 3 0015a 00000000 
101106 0 1 00061 00000000 
101170 4 3 00061 00000000 
101200 0 1 00062 00000000 
101264 4 3 00062 00000000 
101294 0 1 00063 00000000 
101358 4 3 00063 00000000 
101388 0 1 00064 00000000 
101452 4 3 00064 00000000 
101482 0 1 00065 00000000 
101546 4 3 00065 00000000 
101576 0 1 00066 00000000 
101640 4 3 00066 00000000 
101670 0 1 00067 00000000 
101734 4 3 00067 00000000 
101764 0 1 00068 00000000 
101828 4 3 00068 00000000 
101858 0 1 00069 00000000 
101922 4 3 00069 00000000 
101952 0 2 0025a 00000000 
102016 4 3 0025a 00000000 
102031 0 3 0025a 00000000 
102096 0 1 0005a 00000000 
102160 4 3 0005a 00000000 
102311 0 1 0014c 00000000 
102375 4 3 0014c 00000000 
102405 0 1 0015b 00000000 
102469 4 3 0015b 00000000 
102742 0 2 0025b 00000000 
102806 4 3 0025b 00000000 
102849 0 3 0025b 00000000 
102914 0 1 0005b 00000000 
102978 4 3 0005b 00000000 
103101 0 1 0014d 00000000 
103165 4 3 0014d 00000000 
103195 0 1 0015c 00000000 
103259 4 3 0015c 00000000 
103532 0 2 0025c 00000000 
103596 4 3 0025c 00000000 
103667 0 3 0025c 00000000 
103732 0 1 0005c 00000000 
103796 4 3 0005c 00000000 
103891 0 1 0014e 00000000 
103955 4 3 0014e 00000000 
103985 0 1 0015d 00000000 
104049 4 3 0015d 00000000 
104322 0 2 0025d 00000000 
104386 4 3 0025d 00000000 
104485 0 3 0025d 00000000 
104550 0 1 0005d 00000000 
104614 4 3 0005d 00000000 
104681 0 1 0014f 00000000 
104745 4 3 0014f 00000000 
104775 0 1 0015e 00000000 
104839 4 3 0015e 00000000 
105112 0 2 0025e 00000000 
105176 4 3 0025e 00000000 
105303 0 3 0025e 00000000 
105368 0 1 0005e 00000000 
105432 4 3 0005e 00000000 
105471 0 1 00150 00000000 
105535 4 3 00150 00000000 
105565 0 1 0015f 00000000 
105629 4 3 0015f 00000000 
105902 0 2 0025f 00000000 
105966 4 3 0025f 00000000 
106121 0 3 0025f 00000000 
106186 0 1 0005f 00000000 
106250 4 3 0005f 00000000 
106261 0 1 00151 00000000 
106325 4 3 00151 00000000 
106355 0 1 00160 00000000 
106419 4 3 00160 00000000 
106692 0 2 00260 00000000 
106756 4 3 00260 00000000 
106920 0 1 00152 00000000 
106984 4 3 00152 00000000 
107005 0 3 00260 00000000 
107070 0 1 00060 00000000 
107134 4 3 00060 00000000 
107145 0 1 00161 00000000 
107209 4 3 00161 00000000 
107230 0 1 00061 00000000 
107294 4 3 00061 00000000 
107548 0 2 00261 00000000 
107612 4 3 00261 00000000 
107776 0 1 00153 00000000 
107840 4 3 00153 00000000 
107870 0 1 00162 00000000 
107934 4 3 00162 00000000 
107955 0 3 00261 00000000 
108020 0 1 00061 00000000 
108084 4 3 00061 00000000 
108114 0 1 00062 00000000 
108178 4 3 00062 00000000 
108404 0 2 00262 00000000 
108468 4 3 00262 00000000 
108632 0 1 00154 00000000 
108696 4 3 00154 00000000 
108726 0 1 00163 00000000 
108790 4 3 00163 00000000 
108839 0 3 00262 00000000 
108904 0 1 00062 00000000 
108968 4 3 00062 00000000 
108998 0 1 00063 00000000 
109062 4 3 00063 00000000 
109260 0 2 00263 00000000 
109324 4 3 00263 00000000 
109488 0 1 00155 00000000 
109552 4 3 00155 00000000 
109582 0 1 00164 00000000 
109646 4 3 00164 00000000 
109723 0 3 00263 00000000 
109788 0 1 00063 00000000 
109852 4 3 00063 00000000 
109882 0 1 00064 00000000 
109946 4 3 00064 00000000 
110116 0 2 00264 00000000 
110180 4 3 00264 00000000 
110344 0 1 00156 00000000 
110408 4 3 00156 00000000 
110438 0 1 00165 00000000 
110502 4 3 00165 00000000 
110607 0 3 00264 00000000 
110672 0 1 00064 00000000 
110736 4 3 00064 00000000 
110766 0 1 00065 00000000 
110830 4 3 00065 00000000 
110972 0 2 00265 00000000 
111036 4 3 00265 00000000 
111200 0 1 00157 00000000 
111264 4 3 00157 00000000 
111294 0 1 00166 00000000 
111358 4 3 00166 00000000 
111491 0 3 00265 00000000 
111556 0 1 00065 00000000 
111620 4 3 00065 00000000 
111650 0 1 00066 00000000 
111714 4 3 00066 00000000 
111828 0 2 00266 00000000 
111892 4 3 00266 00000000 
112056 0 1 00158 00000000 
112120 4 3 00158 00000000 
112150 0 1 00167 00000000 
112214 4 3 00167 00000000 
112375 0 3 00266 00000000 
112440 0 1 00066 00000000 
112504 4 3 00066 00000000 
112534 0 1 00067 00000000 
112598 4 3 00067 00000000 
112684 0 2 00267 00000000 
112748 4 3 00267 00000000 
112912 0 1 00159 00000000 
112976 4 3 00159 00000000 
113006 0 1 00168 00000000 
113070 4 3 00168 00000000 
113259 0 3 00267 00000000 
113324 0 1 00067 00000000 
113388 4 3 00067 00000000 
113418 0 1 00068 00000000 
113482 4 3 00068 00000000 
113540 0 2 00268 00000000 
113604 4 3 00268 00000000 
113768 0 1 0015a 00000000 
113832 4 3 0015a 00000000 
113862 0 1 00169 00000000 
113926 4 3 00169 00000000 
114143 0 3 00268 00000000 
114208 0 1 00068 00000000 
114272 4 3 00068 00000000 
114302 0 1 00069 00000000 
114366 4 3 00069 00000000 
114396 0 2 00269 00000000 
114460 4 3 00269 00000000 
114482 0 3 00269 00000000 
114547 0 1 00069 00000000 
114611 4 3 00069 00000000 
114641 0 1 0006a 00000000 
114705 4 3 0006a 00000000 
114735 0 1 0006b 00000000 
114799 4 3 0006b 00000000 
114829 0 1 0006c 00000000 
114893 4 3 0006c 00000000 
114923 0 1 0006d 00000000 
114987 4 3 0006d 00000000 
115017 0 1 0006e 00000000 
115081 4 3 0006e 00000000 
115111 0 1 0006f 00000000 
115175 4 3 0006f 00000000 
115205 0 1 00070 00000000 
115269 4 3 00070 00000000 
115280 0 1 00169 00000000 
115344 4 3 00169 00000000 
115365 0 1 00071 00000000 
115429 4 3 00071 00000000 
115459 0 1 00072 00000000 
115523 4 3 00072 00000000 
115553 0 1 00073 00000000 
115617 4 3 00073 00000000 
115647 0 1 00074 00000000 
115711 4 3 00074 00000000 
115741 0 1 00075 00000000 
115805 4 3 00075 00000000 
115835 0 1 00076 00000000 
115899 4 3 00076 00000000 
115929 0 1 00077 00000000 
115993 4 3 00077 00000000 
116023 0 1 00078 00000000 
116087 4 3 00078 00000000 
116117 0 2 00269 00000000 
116181 4 3 00269 00000000 
116196 0 3 00269 00000000 
116261 0 1 00069 00000000 
116325 4 3 00069 00000000 
116504 0 1 0015b 00000000 
116568 4 3 0015b 00000000 
116598 0 1 0016a 00000000 
116662 4 3 0016a 00000000 
116907 0 2 0026a 00000000 
116971 4 3 0026a 00000000 
117014 0 3 0026a 00000000 
117079 0 1 0006a 00000000 
117143 4 3 0006a 00000000 
117294 0 1 0015c 00000000 
117358 4 3 0015c 00000000 
117388 0 1 0016b 00000000 
117452 4 3 0016b 00000000 
117697 0 2 0026b 00000000 
117761 4 3 0026b 00000000 
117832 0 3 0026b 00000000 
117897 0 1 0006b 00000000 
117961 4 3 0006b 00000000 
118084 0 1 0015d 00000000 
118148 4 3 0015d 00000000 
118178 0 1 0016c 00000000 
118242 4 3 0016c 00000000 
118487 0 2 0026c 00000000 
118551 4 3 0026c 00000000 
118650 0 3 0026c 00000000 
118715 0 1 0006c 00000000 
118779 4 3 0006c 00000000 
118874 0 1 0015e 00000000 
118938 4 3 0015e 00000000 
118968 0 1 0016d 00000000 
119032 4 3 0016d 00000000 
119277 0 2 0026d 00000000 
119341 4 3 0026d 00000000 
119468 0 3 0026d 00000000 
119533 0 1 0006d 00000000 
119597 4 3 0006d 00000000 
119664 0 1 0015f 00000000 
119728 4 3 0015f 00000000 
119758 0 1 0016e 00000000 
119822 4 3 0016e 00000000 
120067 0 2 0026e 00000000 
120131 4 3 0026e 00000000 
120286 0 3 0026e 00000000 
120351 0 1 0006e 00000000 
120415 4 3 0006e 00000000 
120454 0 1 00160 00000000 
120518 4 3 00160 00000000 
120548 0 1 0016f 00000000 
120612 4 3 0016f 00000000 
120857 0 2 0026f 00000000 
120921 4 3 0026f 00000000 
121104 0 3 0026f 00000000 
121169 0 1 0006f 00000000 
121233 4 3 0006f 00000000 
121244 0 1 00161 00000000 
121308 4 3 00161 00000000 
121338 0 1 00170 00000000 
121402 4 3 00170 00000000 
121647 0 2 00270 00000000 
121711 4 3 00270 00000000 
121903 0 1 00162 00000000 
121967 4 3 00162 00000000 
121988 0 3 00270 00000000 
122053 0 1 00070 00000000 
122117 4 3 00070 00000000 
122128 0 1 00171 00000000 
122192 4 3 00171 00000000 
122213 0 1 00071 00000000 
122277 4 3 00071 00000000 
122503 0 2 00271 00000000 
122567 4 3 00271 00000000 
122759 0 1 00163 00000000 
122823 4 3 00163 00000000 
122853 0 1 00172 00000000 
122917 4 3 00172 00000000 
122938 0 3 00271 00000000 
123003 0 1 00071 00000000 
123067 4 3 00071 00000000 
123097 0 1 00072 00000000 
123161 4 3 00072 00000000 
123359 0 2 00272 00000000 
123423 4 3 00272 00000000 
123615 0 1 00164 00000000 
123679 4 3 00164 00000000 
123709 0 1 00173 00000000 
123773 4 3 00173 00000000 
123822 0 3 00272 00000000 
123887 0 1 00072 00000000 
123951 4 3 00072 00000000 
123981 0 1 00073 00000000 
124045 4 3 00073 00000000 
124215 0 2 00273 00000000 
124279 4 3 00273 00000000 
124471 0 1 00165 00000000 
124535 4 3 00165 00000000 
124565 0 1 00174 00000000 
124629 4 3 00174 00000000 
124706 0 3 00273 00000000 
124771 0 1 00073 00000000 
124835 4 3 00073 00000000 
124865 0 1 00074 00000000 
124929 4 3 00074 00000000 
125071 0 2 00274 00000000 
125135 4 3 00274 00000000 
125327 0 1 00166 00000000 
125391 4 3 00166 00000000 
125421 0 1 00175 00000000 
125485 4 3 00175 00000000 
125590 0 3 00274 00000000 
125655 0 1 00074 00000000 
125719 4 3 00074 00000000 
125749 0 1 00075 00000000 
125813 4 3 00075 00000000 
125927 0 2 00275 00000000 
125991 4 3 00275 00000000 
126183 0 1 00167 00000000 
126247 4 3 00167 00000000 
126277 0 1 00176 00000000 
126341 4 3 00176 00000000 
126474 0 3 00275 00000000 
126539 0 1 00075 00000000 
126603 4 3 00075 00000000 
126633 0 1 00076 00000000 
126697 4 3 00076 00000000 
126783 0 2 00276 00000000 
126847 4 3 00276 00000000 
127039 0 1 00168 00000000 
127103 4 3 00168 00000000 
127133 0 1 00177 00000000 
127197 4 3 00177 00000000 
127358 0 3 00276 00000000 
127423 0 1 00076 00000000 
127487 4 3 00076 00000000 
127517 0 1 00077 00000000 
127581 4 3 00077 00000000 
127639 0 2 00277 00000000 
127703 4 3 00277 00000000 
127895 0 1 00169 00000000 
127959 4 3 00169 00000000 
127989 0 1 00178 00000000 
128053 4 3 00178 00000000 
128242 0 3 00277 00000000 
128307 0 1 00077 00000000 
128371 4 3 00077 00000000 
128401 0 1 00078 00000000 
128465 4 3 00078 00000000 
128495 0 2 00278 00000000 
128559 4 3 00278 00000000 
128581 0 3 00278 00000000 
128646 0 1 00078 00000000 
128710 4 3 00078 00000000 
128740 0 1 00079 00000000 
128804 4 3 00079 00000000 
128834 0 1 0007a 00000000 
128898 4 3 0007a 00000000 
128928 0 1 0007b 00000000 
128992 4 3 0007b 00000000 
129022 0 1 0007c 00000000 
129086 4 3 0007c 00000000 
129116 0 1 0007d 00000000 
129180 4 3 0007d 00000000 
129210 0 1 0007e 00000000 
129274 4 3 0007e 00000000 
129304 0 1 0007f 00000000 
129368 4 3 0007f 00000000 
129398 0 1 00080 00000000 
129462 4 3 00080 00000000 
129473 0 1 00178 00000000 
129537 4 3 00178 00000000 
129558 0 1 00081 00000000 
129622 4 3 00081 00000000 
129652 0 1 00082 00000000 
129716 4 3 00082 00000000 
129746 0 1 00083 00000000 
129810 4 3 00083 00000000 
129840 0 1 00084 00000000 
129904 4 3 00084 00000000 
129934 0 1 00085 00000000 
129998 4 3 00085 00000000 
130028 0 1 00086 00000000 
130092 4 3 00086 00000000 
130122 0 1 00087 00000000 
130186 4 3 00087 00000000 
130216 0 2 00278 00000000 
130280 4 3 00278 00000000 
130295 0 3 00278 00000000 
130360 0 1 00078 00000000 
130424 4 3 00078 00000000 
130631 0 1 0016a 00000000 
130695 4 3 0016a 00000000 
130725 0 1 00179 00000000 
130789 4 3 00179 00000000 
131006 0 2 00279 00000000 
131070 4 3 00279 00000000 
131113 0 3 00279 00000000 
131178 0 1 00079 00000000 
131242 4 3 00079 00000000 
131421 0 1 0016b 00000000 
131485 4 3 0016b 00000000 
131515 0 1 0017a 00000000 
131579 4 3 0017a 00000000 
131796 0 2 0027a 00000000 
131860 4 3 0027a 00000000 
131931 0 3 0027a 00000000 
131996 0 1 0007a 00000000 
132060 4 3 0007a 00000000 
132211 0 1 0016c 00000000 
132275 4 3 0016c 00000000 
132305 0 1 0017b 00000000 
132369 4 3 0017b 00000000 
132586 0 2 0027b 00000000 
132650 4 3 0027b 00000000 
132749 0 3 0027b 00000000 
132814 0 1 0007b 00000000 
132878 4 3 0007b 00000000 
133001 0 1 0016d 00000000 
133065 4 3 0016d 00000000 
133095 0 1 0017c 00000000 
133159 4 3 0017c 00000000 
133376 0 2 0027c 00000000 
133440 4 3 0027c 00000000 
133567 0 3 0027c 00000000 
133632 0 1 0007c 00000000 
133696 4 3 0007c 00000000 
133791 0 1 0016e 00000000 
133855 4 3 0016e 00000000 
133885 0 1 0017d 00000000 
133949 4 3 0017d 00000000 
134166 0 2 0027d 00000000 
134230 4 3 0027d 00000000 
134385 0 3 0027d 00000000 
134450 0 1 0007d 00000000 
134514 4 3 0007d 00000000 
134581 0 1 0016f 00000000 
134645 4 3 0016f 00000000 
134675 0 1 0017e 00000000 
134739 4 3 0017e 00000000 
134956 0 2 0027e 00000000 
135020 4 3 0027e 00000000 
135203 0 3 0027e 00000000 
135268 0 1 0007e 00000000 
135332 4 3 0007e 00000000 
135371 0 1 00170 00000000 
135435 4 3 00170 00000000 
135465 0 1 0017f 00000000 
135529 4 3 0017f 00000000 
135746 0 2 0027f 00000000 
135810 4 3 0027f 00000000 
136021 0 3 0027f 00000000 
136086 0 1 0007f 00000000 
136150 4 3 0007f 00000000 
136161 0 1 00171 00000000 
136225 4 3 00171 00000000 
136255 0 1 00180 00000000 
136319 4 3 00180 00000000 
136536 0 2 00280 00000000 
136600 4 3 00280 00000000 
136820 0 1 00172 00000000 
136884 4 3 00172 00000000 
136905 0 3 00280 00000000 
136970 0 1 00080 00000000 
137034 4 3 00080 00000000 
137045 0 1 00181 00000000 
137109 4 3 00181 00000000 
137130 0 1 00081 00000000 
137194 4 3 00081 00000000 
137392 0 2 00281 00000000 
137456 4 3 00281 00000000 
137676 0 1 00173 00000000 
137740 4 3 00173 00000000 
137770 0 1 00182 00000000 
137834 4 3 00182 00000000 
137855 0 3 00281 00000000 
137920 0 1 00081 00000000 
137984 4 3 00081 00000000 
138014 0 1 00082 00000000 
138078 4 3 00082 00000000 
138248 0 2 00282 00000000 
138312 4 3 00282 00000000 
138532 0 1 00174 00000000 
138596 4 3 00174 00000000 
138626 0 1 00183 00000000 
138690 4 3 00183 00000000 
138739 0 3 00282 00000000 
138804 0 1 00082 00000000 
138868 4 3 00082 00000000 
138898 0 1 00083 00000000 
138962 4 3 00083 00000000 
139104 0 2 00283 00000000 
139168 4 3 00283 00000000 
139388 0 1 00175 00000000 
139452 4 3 00175 00000000 
139482 0 1 00184 00000000 
139546 4 3 00184 00000000 
139623 0 3 00283 00000000 
139688 0 1 00083 00000000 
139752 4 3 00083 00000000 
139782 0 1 00084 00000000 
139846 4 3 00084 00000000 
139960 0 2 00284 00000000 
140024 4 3 00284 00000000 
140244 0 1 00176 00000000 
140308 4 3 00176 00000000 
140338 0 1 00185 00000000 
140402 4 3 00185 00000000 
140507 0 3 00284 00000000 
140572 0 1 00084 00000000 
140636 4 3 00084 00000000 
140666 0 1 00085 00000000 
140730 4 3 00085 00000000 
140816 0 2 00285 00000000 
140880 4 3 00285 00000000 
141100 0 1 00177 00000000 
141164 4 3 00177 00000000 
141194 0 1 00186 00000000 
141258 4 3 00186 00000000 
141391 0 3 00285 00000000 
141456 0 1 00085 00000000 
141520 4 3 00085 00000000 
141550 0 1 00086 00000000 
141614 4 3 00086 00000000 
141672 0 2 00286 00000000 
141736 4 3 00286 00000000 
141956 0 1 00178 00000000 
142020 4 3 00178 00000000 
142050 0 1 00187 00000000 
142114 4 3 00187 00000000 
142275 0 3 00286 00000000 
142340 0 1 00086 00000000 
142404 4 3 00086 00000000 
142434 0 1 00087 00000000 
142498 4 3 00087 00000000 
142528 0 2 00287 00000000 
142592 4 3 00287 00000000 
142614 0 3 00287 00000000 
142679 0 1 00087 00000000 
142743 4 3 00087 00000000 
142773 0 1 00088 00000000 
142837 4 3 00088 00000000 
142867 0 1 00089 00000000 
142931 4 3 00089 00000000 
142961 0 1 0008a 00000000 
143025 4 3 0008a 00000000 
143055 0 1 0008b 00000000 
143119 4 3 0008b 00000000 
143149 0 1 0008c 00000000 
143213 4 3 0008c 00000000 
143243 0 1 0008d 00000000 
143307 4 3 0008d 00000000 
143337 0 1 0008e 00000000 
143401 4 3 0008e 00000000 
143431 0 1 0008f 00000000 
143495 4 3 0008f 00000000 
143525 0 1 00090 00000000 
143589 4 3 00090 00000000 
143600 0 1 00187 00000000 
143664 4 3 00187 00000000 
143685 0 1 00091 00000000 
143749 4 3 00091 00000000 
143779 0 1 00092 00000000 
143843 4 3 00092 00000000 
143873 0 1 00093 00000000 
143937 4 3 00093 00000000 
143967 0 1 00094 00000000 
144031 4 3 00094 00000000 
144061 0 1 00095 00000000 
144125 4 3 00095 00000000 
144155 0 1 00096 00000000 
144219 4 3 00096 00000000 
144249 0 2 00287 00000000 
144313 4 3 00287 00000000 
144328 0 3 00287 00000000 
144393 0 1 00087 00000000 
144457 4 3 00087 00000000 
144692 0 1 00179 00000000 
144756 4 3 00179 00000000 
144786 0 1 00188 00000000 
144850 4 3 00188 00000000 
145039 0 2 00288 00000000 
145103 4 3 00288 00000000 
145146 0 3 00288 00000000 
145211 0 1 00088 00000000 
145275 4 3 00088 00000000 
145482 0 1 0017a 00000000 
145546 4 3 0017a 00000000 
145576 0 1 00189 00000000 
145640 4 3 00189 00000000 
145829 0 2 00289 00000000 
145893 4 3 00289 00000000 
145964 0 3 00289 00000000 
146029 0 1 00089 00000000 
146093 4 3 00089 00000000 
146272 0 1 0017b 00000000 
146336 4 3 0017b 00000000 
146366 0 1 0018a 00000000 
146430 4 3 0018a 00000000 
146619 0 2 0028a 00000000 
146683 4 3 0028a 00000000 
146782 0 3 0028a 00000000 
146847 0 1 0008a 00000000 
146911 4 3 0008a 00000000 
147062 0 1 0017c 00000000 
147126 4 3 0017c 00000000 
147156 0 1 0018b 00000000 
147220 4 3 0018b 00000000 
147409 0 2 0028b 00000000 
147473 4 3 0028b 00000000 
147600 0 3 0028b 00000000 
147665 0 1 0008b 00000000 
147729 4 3 0008b 00000000 
147852 0 1 0017d 00000000 
147916 4 3 0017d 00000000 
147946 0 1 0018c 00000000 
148010 4 3 0018c 00000000 
148199 0 2 0028c 00000000 
148263 4 3 0028c 00000000 
148418 0 3 0028c 00000000 
148483 0 1 0008c 00000000 
148547 4 3 0008c 00000000 
148642 0 1 0017e 00000000 
148706 4 3 0017e 00000000 
148736 0 1 0018d 00000000 
148800 4 3 0018d 00000000 
148989 0 2 0028d 00000000 
149053 4 3 0028d 00000000 
149236 0 3 0028d 00000000 
149301 0 1 0008d 00000000 
149365 4 3 0008d 00000000 
149432 0 1 0017f 00000000 
149496 4 3 0017f 00000000 
149526 0 1 0018e 00000000 
149590 4 3 0018e 00000000 
149779 0 2 0028e 00000000 
149843 4 3 0028e 00000000 
150054 0 3 0028e 00000000 
150119 0 1 0008e 00000000 
150183 4 3 0008e 00000000 
150222 0 1 00180 00000000 
150286 4 3 00180 00000000 
150316 0 1 0018f 00000000 
150380 4 3 0018f 00000000 
150569 0 2 0028f 00000000 
150633 4 3 0028f 00000000 
150872 0 3 0028f 00000000 
150937 0 1 0008f 00000000 
151001 4 3 0008f 00000000 
151012 0 1 00181 00000000 
151076 4 3 00181 00000000 
151106 0 1 00190 00000000 
151170 4 3 00190 00000000 
151359 0 2 00290 00000000 
151423 4 3 00290 00000000 
151671 0 1 00182 00000000 
151735 4 3 00182 00000000 
151756 0 3 00290 00000000 
151821 0 1 00090 00000000 
151885 4 3 00090 00000000 
151896 0 1 00191 00000000 
151960 4 3 00191 00000000 
151981 0 1 00091 00000000 
152045 4 3 00091 00000000 
152215 0 2 00291 00000000 
152279 4 3 00291 00000000 
152527 0 1 00183 00000000 
152591 4 3 00183 00000000 
152621 0 1 00192 00000000 
152685 4 3 00192 00000000 
152706 0 3 00291 00000000 
152771 0 1 00091 00000000 
152835 4 3 00091 00000000 
152865 0 1 00092 00000000 
152929 4 3 00092 00000000 
153071 0 2 00292 00000000 
153135 4 3 00292 00000000 
153383 0 1 00184 00000000 
153447 4 3 00184 00000000 
153477 0 1 00193 00000000 
153541 4 3 00193 00000000 
153590 0 3 00292 00000000 
153655 0 1 00092 00000000 
153719 4 3 00092 00000000 
153749 0 1 00093 00000000 
153813 4 3 00093 00000000 
153927 0 2 00293 00000000 
153991 4 3 00293 00000000 
154239 0 1 00185 00000000 
154303 4 3 00185 00000000 
154333 0 1 00194 00000000 
154397 4 3 00194 00000000 
154474 0 3 00293 00000000 
154539 0 1 00093 00000000 
154603 4 3 00093 00000000 
154633 0 1 00094 00000000 
154697 4 3 00094 00000000 
154783 0 2 00294 00000000 
154847 4 3 00294 00000000 
155095 0 1 00186 00000000 
155159 4 3 00186 00000000 
155189 0 1 00195 00000000 
155253 4 3 00195 00000000 
155358 0 3 00294 00000000 
155423 0 1 00094 00000000 
155487 4 3 00094 00000000 
155517 0 1 00095 00000000 
155581 4 3 00095 00000000 
155639 0 2 00295 00000000 
155703 4 3 00295 00000000 
155951 0 1 00187 00000000 
156015 4 3 00187 00000000 
156045 0 1 00196 00000000 
156109 4 3 00196 00000000 
156242 0 3 00295 00000000 
156307 0 1 00095 00000000 
156371 4 3 00095 00000000 
156401 0 1 00096 00000000 
156465 4 3 00096 00000000 
156495 0 2 00296 00000000 
156559 4 3 00296 00000000 
156581 0 3 00296 00000000 
156646 0 1 00096 00000000 
156710 4 3 00096 00000000 
156740 0 1 00097 00000000 
156804 4 3 00097 00000000 
156834 0 1 00098 00000000 
156898 4 3 00098 00000000 
156928 0 1 00099 00000000 
156992 4 3 00099 00000000 
157022 0 1 0009a 00000000 
157086 4 3 0009a 00000000 
157116 0 1 0009b 00000000 
157180 4 3 0009b 00000000 
157210 0 1 0009c 00000000 
157274 4 3 0009c 00000000 
157304 0 1 0009d 00000000 
157368 4 3 0009d 00000000 
157398 0 1 0009e 00000000 
157462 4 3 0009e 00000000 
157492 0 1 0009f 00000000 
157556 4 3 0009f 00000000 
157586 0 1 000a0 00000000 
157650 4 3 000a0 00000000 
157661 0 1 00196 00000000 
157725 4 3 00196 00000000 
157746 0 1 000a1 00000000 
157810 4 3 000a1 00000000 
157840 0 1 000a2 00000000 
157904 4 3 000a2 00000000 
157934 0 1 000a3 00000000 
157998 4 3 000a3 00000000 
158028 0 1 000a4 00000000 
158092 4 3 000a4 00000000 
158122 0 1 000a5 00000000 
158186 4 3 000a5 00000000 
158216 0 2 00296 00000000 
158280 4 3 00296 00000000 
158295 0 3 00296 00000000 
158360 0 1 00096 00000000 
158424 4 3 00096 00000000 
158687 0 1 00188 00000000 
158751 4 3 00188 00000000 
158781 0 1 00197 00000000 
158845 4 3 00197 00000000 
159006 0 2 00297 00000000 
159070 4 3 00297 00000000 
159113 0 3 00297 00000000 
159178 0 1 00097 00000000 
159242 4 3 00097 00000000 
159477 0 1 00189 00000000 
159541 4 3 00189 00000000 
159571 0 1 00198 00000000 
159635 4 3 00198 00000000 
159796 0 2 00298 00000000 
159860 4 3 00298 00000000 
159931 0 3 00298 00000000 
159996 0 1 00098 00000000 
160060 4 3 00098 00000000 
160267 0 1 0018a 00000000 
160331 4 3 0018a 00000000 
160361 0 1 00199 00000000 
160425 4 3 00199 00000000 
160586 0 2 00299 00000000 
160650 4 3 00299 00000000 
160749 0 3 00299 00000000 
160814 0 1 00099 00000000 
160878 4 3 00099 00000000 
161057 0 1 0018b 00000000 
161121 4 3 0018b 00000000 
161151 0 1 0019a 00000000 
161215 4 3 0019a 00000000 
161376 0 2 0029a 00000000 
161440 4 3 0029a 00000000 
161567 0 3 0029a 00000000 
161632 0 1 0009a 00000000 
161696 4 3 0009a 00000000 
161847 0 1 0018c 00000000 
161911 4 3 0018c 00000000 
161941 0 1 0019b 00000000 
162005 4 3 0019b 00000000 
162166 0 2 0029b 00000000 
162230 4 3 0029b 00000000 
162385 0 3 0029b 00000000 
162450 0 1 0009b 00000000 
162514 4 3 0009b 00000000 
162637 0 1 0018d 00000000 
162701 4 3 0018d 00000000 
162731 0 1 0019c 00000000 
162795 4 3 0019c 00000000 
162956 0 2 0029c 00000000 
163020 4 3 0029c 00000000 
163203 0 3 0029c 00000000 
163268 0 1 0009c 00000000 
163332 4 3 0009c 00000000 
163427 0 1 0018e 00000000 
163491 4 3 0018e 00000000 
163521 0 1 0019d 00000000 
163585 4 3 0019d 00000000 
163746 0 2 0029d 00000000 
163810 4 3 0029d 00000000 
164021 0 3 0029d 00000000 
164086 0 1 0009d 00000000 
164150 4 3 0009d 00000000 
164217 0 1 0018f 00000000 
164281 4 3 0018f 00000000 
164311 0 1 0019e 00000000 
164375 4 3 0019e 00000000 
164536 0 2 0029e 00000000 
164600 4 3 0029e 00000000 
164839 0 3 0029e 00000000 
164904 0 1 0009e 00000000 
164968 4 3 0009e 00000000 
165007 0 1 00190 00000000 
165071 4 3 00190 00000000 
165101 0 1 0019f 00000000 
165165 4 3 0019f 00000000 
165326 0 2 0029f 00000000 
165390 4 3 0029f 00000000 
165657 0 3 0029f 00000000 
165722 0 1 0009f 00000000 
165786 4 3 0009f 00000000 
165797 0 1 00191 00000000 
165861 4 3 00191 00000000 
165891 0 1 001a0 00000000 
165955 4 3 001a0 00000000 
166116 0 2 002a0 00000000 
166180 4 3 002a0 00000000 
166456 0 1 00192 00000000 
166520 4 3 00192 00000000 
166541 0 3 002a0 00000000 
166606 0 1 000a0 00000000 
166670 4 3 000a0 00000000 
166681 0 1 001a1 00000000 
166745 4 3 001a1 00000000 
166766 0 1 000a1 00000000 
166830 4 3 000a1 00000000 
166972 0 2 002a1 00000000 
167036 4 3 002a1 00000000 
167312 0 1 00193 00000000 
167376 4 3 00193 00000000 
167406 0 1 001a2 00000000 
167470 4 3 001a2 00000000 
167491 0 3 002a1 00000000 
167556 0 1 000a1 00000000 
167620 4 3 000a1 00000000 
167650 0 1 000a2 00000000 
167714 4 3 000a2 00000000 
167828 0 2 002a2 00000000 
167892 4 3 002a2 00000000 
168168 0 1 00194 00000000 
168232 4 3 00194 00000000 
168262 0 1 001a3 00000000 
168326 4 3 001a3 00000000 
168375 0 3 002a2 00000000 
168440 0 1 000a2 00000000 
168504 4 3 000a2 00000000 
168534 0 1 000a3 00000000 
168598 4 3 000a3 00000000 
168684 0 2 002a3 00000000 
168748 4 3 002a3 00000000 
169024 0 1 00195 00000000 
169088 4 3 00195 00000000 
169118 0 1 001a4 00000000 
169182 4 3 001a4 00000000 
169259 0 3 002a3 00000000 
169324 0 1 000a3 00000000 
169388 4 3 000a3 00000000 
169418 0 1 000a4 00000000 
169482 4 3 000a4 00000000 
169540 0 2 002a4 00000000 
169604 4 3 002a4 00000000 
169880 0 1 00196 00000000 
169944 4 3 00196 00000000 
169974 0 1 001a5 00000000 
170038 4 3 001a5 00000000 
170143 0 3 002a4 00000000 
170208 0 1 000a4 00000000 
170272 4 3 000a4 00000000 
170302 0 1 000a5 00000000 
170366 4 3 000a5 00000000 
170396 0 2 002a5 00000000 
170460 4 3 002a5 00000000 
170482 0 3 002a5 00000000 
170547 0 1 000a5 00000000 
170611 4 3 000a5 00000000 
170641 0 1 000a6 00000000 
170705 4 3 000a6 00000000 
170735 0 1 000a7 00000000 
170799 4 3 000a7 00000000 
170829 0 1 000a8 00000000 
170893 4 3 000a8 00000000 
170923 0 1 000a9 00000000 
170987 4 3 000a9 00000000 
171017 0 1 000aa 00000000 
171081 4 3 000aa 00000000 
171111 0 1 000ab 00000000 
171175 4 3 000ab 00000000 
171205 0 1 000ac 00000000 
171269 4 3 000ac 00000000 
171299 0 1 000ad 00000000 
171363 4 3 000ad 00000000 
171393 0 1 000ae 00000000 
171457 4 3 000ae 00000000 
171487 0 1 000af 00000000 
171551 4 3 000af 00000000 
171581 0 1 000b0 00000000 
171645 4 3 000b0 00000000 
171656 0 1 001a5 00000000 
171720 4 3 001a5 00000000 
171741 0 1 000b1 00000000 
171805 4 3 000b1 00000000 
171835 0 1 000b2 00000000 
171899 4 3 000b2 00000000 
171929 0 1 000b3 00000000 
171993 4 3 000b3 00000000 
172023 0 1 000b4 00000000 
172087 4 3 000b4 00000000 
172117 0 2 002a5 00000000 
172181 4 3 002a5 00000000 
172196 0 3 002a5 00000000 
172261 0 1 000a5 00000000 
172325 4 3 000a5 00000000 
172616 0 1 00197 00000000 
172680 4 3 00197 00000000 
172710 0 1 001a6 00000000 
172774 4 3 001a6 00000000 
172907 0 2 002a6 00000000 
172971 4 3 002a6 00000000 
173014 0 3 002a6 00000000 
173079 0 1 000a6 00000000 
173143 4 3 000a6 00000000 
173406 0 1 00198 00000000 
173470 4 3 00198 00000000 
173500 0 1 001a7 00000000 
173564 4 3 001a7 00000000 
173697 0 2 002a7 00000000 
173761 4 3 002a7 00000000 
173832 0 3 002a7 00000000 
173897 0 1 000a7 00000000 
173961 4 3 000a7 00000000 
174196 0 1 00199 00000000 
174260 4 3 00199 00000000 
174290 0 1 001a8 00000000 
174354 4 3 001a8 00000000 
174487 0 2 002a8 00000000 
174551 4 3 002a8 00000000 
174650 0 3 002a8 00000000 
174715 0 1 000a8 00000000 
174779 4 3 000a8 00000000 
174986 0 1 0019a 00000000 
175050 4 3 0019a 00000000 
175080 0 1 001a9 00000000 
175144 4 3 001a9 00000000 
175277 0 2 002a9 00000000 
175341 4 3 002a9 00000000 
175468 0 3 002a9 00000000 
175533 0 1 000a9 00000000 
175597 4 3 000a9 00000000 
175776 0 1 0019b 00000000 
175840 4 3 0019b 00000000 
175870 0 1 001aa 00000000 
175934 4 3 001aa 00000000 
176067 0 2 002aa 00000000 
176131 4 3 002aa 00000000 
176286 0 3 002aa 00000000 
176351 0 1 000aa 00000000 
176415 4 3 000aa 00000000 
176566 0 1 0019c 00000000 
176630 4 3 0019c 00000000 
176660 0 1 001ab 00000000 
176724 4 3 001ab 00000000 
176857 0 2 002ab 00000000 
176921 4 3 002ab 00000000 
177104 0 3 002ab 00000000 
177169 0 1 000ab 00000000 
177233 4 3 000ab 00000000 
177356 0 1 0019d 00000000 
177420 4 3 0019d 00000000 
177450 0 1 001ac 00000000 
177514 4 3 001ac 00000000 
177647 0 2 002ac 00000000 
177711 4 3 002ac 00000000 
177922 0 3 002ac 00000000 
177987 0 1 000ac 00000000 
178051 4 3 000ac 00000000 
178146 0 1 0019e 00000000 
178210 4 3 0019e 00000000 
178240 0 1 001ad 00000000 
178304 4 3 001ad 00000000 
178437 0 2 002ad 00000000 
178501 4 3 002ad 00000000 
178740 0 3 002ad 00000000 
178805 0 1 000ad 00000000 
178869 4 3 000ad 00000000 
178936 0 1 0019f 00000000 
179000 4 3 0019f 00000000 
179030 0 1 001ae 00000000 
179094 4 3 001ae 00000000 
179227 0 2 002ae 00000000 
179291 4 3 002ae 00000000 
179558 0 3 002ae 00000000 
179623 0 1 000ae 00000000 
179687 4 3 000ae 00000000 
179726 0 1 001a0 00000000 
179790 4 3 001a0 00000000 
179820 0 1 001af 00000000 
179884 4 3 001af 00000000 
180017 0 2 002af 00000000 
180081 4 3 002af 00000000 
180376 0 3 002af 00000000 
180441 0 1 000af 00000000 
180505 4 3 000af 00000000 
180516 0 1 001a1 00000000 
180580 4 3 001a1 00000000 
180610 0 1 001b0 00000000 
180674 4 3 001b0 00000000 
180807 0 2 002b0 00000000 
180871 4 3 002b0 00000000 
181175 0 1 001a2 00000000 
181239 4 3 001a2 00000000 
181260 0 3 002b0 00000000 
181325 0 1 000b0 00000000 
181389 4 3 000b0 00000000 
181400 0 1 001b1 00000000 
181464 4 3 001b1 00000000 
181485 0 1 000b1 00000000 
181549 4 3 000b1 00000000 
181663 0 2 002b1 00000000 
181727 4 3 002b1 00000000 
182031 0 1 001a3 00000000 
182095 4 3 001a3 00000000 
182125 0 1 001b2 00000000 
182189 4 3 001b2 00000000 
182210 0 3 002b1 00000000 
182275 0 1 000b1 00000000 
182339 4 3 000b1 00000000 
182369 0 1 000b2 00000000 
182433 4 3 000b2 00000000 
182519 0 2 002b2 00000000 
182583 4 3 002b2 00000000 
182887 0 1 001a4 00000000 
182951 4 3 001a4 00000000 
182981 0 1 001b3 00000000 
183045 4 3 001b3 00000000 
183094 0 3 002b2 00000000 
183159 0 1 000b2 00000000 
183223 4 3 000b2 00000000 
183253 0 1 000b3 00000000 
183317 4 3 000b3 00000000 
183375 0 2 002b3 00000000 
183439 4 3 002b3 00000000 
183743 0 1 001a5 00000000 
183807 4 3 001a5 00000000 
183837 0 1 001b4 00000000 
183901 4 3 001b4 00000000 
183978 0 3 002b3 00000000 
184043 0 1 000b3 00000000 
184107 4 3 000b3 00000000 
184137 0 1 000b4 00000000 
184201 4 3 000b4 00000000 
184231 0 2 002b4 00000000 
184295 4 3 002b4 00000000 
184317 0 3 002b4 00000000 
184382 0 1 000b4 00000000 
184446 4 3 000b4 00000000 
184476 0 1 000b5 00000000 
184540 4 3 000b5 00000000 
184570 0 1 000b6 00000000 
184634 4 3 000b6 00000000 
184664 0 1 000b7 00000000 
184728 4 3 000b7 00000000 
184758 0 1 000b8 00000000 
184822 4 3 000b8 00000000 
184852 0 1 000b9 00000000 
184916 4 3 000b9 00000000 
184946 0 1 000ba 00000000 
185010 4 3 000ba 00000000 
185040 0 1 000bb 00000000 
185104 4 3 000bb 00000000 
185134 0 1 000bc 00000000 
185198 4 3 000bc 00000000 
185228 0 1 000bd 00000000 
185292 4 3 000bd 00000000 
185322 0 1 000be 00000000 
185386 4 3 000be 00000000 
185416 0 1 000bf 00000000 
185480 4 3 000bf 00000000 
185510 0 1 000c0 00000000 
185574 4 3 000c0 00000000 
185585 0 1 001b4 00000000 
185649 4 3 001b4 00000000 
185670 0 1 000c1 00000000 
185734 4 3 000c1 00000000 
185764 0 1 000c2 00000000 
185828 4 3 000c2 00000000 
185858 0 1 000c3 00000000 
185922 4 3 000c3 00000000 
185952 0 2 002b4 00000000 
186016 4 3 002b4 00000000 
186031 0 3 002b4 00000000 
186096 0 1 000b4 00000000 
186160 4 3 000b4 00000000 
186479 0 1 001a6 00000000 
186543 4 3 001a6 00000000 
186573 0 1 001b5 00000000 
186637 4 3 001b5 00000000 
186742 0 2 002b5 00000000 
186806 4 3 002b5 00000000 
186849 0 3 002b5 00000000 
186914 0 1 000b5 00000000 
186978 4 3 000b5 00000000 
187269 0 1 001a7 00000000 
187333 4 3 001a7 00000000 
187363 0 1 001b6 00000000 
187427 4 3 001b6 00000000 
187532 0 2 002b6 00000000 
187596 4 3 002b6 00000000 
187667 0 3 002b6 00000000 
187732 0 1 000b6 00000000 
187796 4 3 000b6 00000000 
188059 0 1 001a8 00000000 
188123 4 3 001a8 00000000 
188153 0 1 001b7 00000000 
188217 4 3 001b7 00000000 
188322 0 2 002b7 00000000 
188386 4 3 002b7 00000000 
188485 0 3 002b7 00000000 
188550 0 1 000b7 00000000 
188614 4 3 000b7 00000000 
188849 0 1 001a9 00000000 
188913 4 3 001a9 00000000 
188943 0 1 001b8 00000000 
189007 4 3 001b8 00000000 
189112 0 2 002b8 00000000 
189176 4 3 002b8 00000000 
189303 0 3 002b8 00000000 
189368 0 1 000b8 00000000 
189432 4 3 000b8 00000000 
189639 0 1 001aa 00000000 
189703 4 3 001aa 00000000 
189733 0 1 001b9 00000000 
189797 4 3 001b9 00000000 
189902 0 2 002b9 00000000 
189966 4 3 002b9 00000000 
190121 0 3 002b9 00000000 
190186 0 1 000b9 00000000 
190250 4 3 000b9 00000000 
190429 0 1 001ab 00000000 
190493 4 3 001ab 00000000 
190523 0 1 001ba 00000000 
190587 4 3 001ba 00000000 
190692 0 2 002ba 00000000 
190756 4 3 002ba 00000000 
190939 0 3 002ba 00000000 
191004 0 1 000ba 00000000 
191068 4 3 000ba 00000000 
191219 0 1 001ac 00000000 
191283 4 3 001ac 00000000 
191313 0 1 001bb 00000000 
191377 4 3 001bb 00000000 
191482 0 2 002bb 00000000 
191546 4 3 002bb 00000000 
191757 0 3 002bb 00000000 
191822 0 1 000bb 00000000 
191886 4 3 000bb 00000000 
192009 0 1 001ad 00000000 
192073 4 3 001ad 00000000 
192103 0 1 001bc 00000000 
192167 4 3 001bc 00000000 
192272 0 2 002bc 00000000 
192336 4 3 002bc 00000000 
192575 0 3 002bc 00000000 
192640 0 1 000bc 00000000 
192704 4 3 000bc 00000000 
192799 0 1 001ae 00000000 
192863 4 3 001ae 00000000 
192893 0 1 001bd 00000000 
192957 4 3 001bd 00000000 
193062 0 2 002bd 00000000 
193126 4 3 002bd 00000000 
193393 0 3 002bd 00000000 
193458 0 1 000bd 00000000 
193522 4 3 000bd 00000000 
193589 0 1 001af 00000000 
193653 4 3 001af 00000000 
193683 0 1 001be 00000000 
193747 4 3 001be 00000000 
193852 0 2 002be 00000000 
193916 4 3 002be 00000000 
194211 0 3 002be 00000000 
194276 0 1 000be 00000000 
194340 4 3 000be 00000000 
194379 0 1 001b0 00000000 
194443 4 3 001b0 00000000 
194473 0 1 001bf 00000000 
194537 4 3 001bf 00000000 
194642 0 2 002bf 00000000 
194706 4 3 002bf 00000000 
195029 0 3 002bf 00000000 
195094 0 1 000bf 00000000 
195158 4 3 000bf 00000000 
195169 0 1 001b1 00000000 
195233 4 3 001b1 00000000 
195263 0 1 001c0 00000000 
195327 4 3 001c0 00000000 
195432 0 2 002c0 00000000 
195496 4 3 002c0 00000000 
195828 0 1 001b2 00000000 
195892 4 3 001b2 00000000 
195913 0 3 002c0 00000000 
195978 0 1 000c0 00000000 
196042 4 3 000c0 00000000 
196053 0 1 001c1 00000000 
196117 4 3 001c1 00000000 
196138 0 1 000c1 00000000 
196202 4 3 000c1 00000000 
196288 0 2 002c1 00000000 
196352 4 3 002c1 00000000 
196684 0 1 001b3 00000000 
196748 4 3 001b3 00000000 
196778 0 1 001c2 00000000 
196842 4 3 001c2 00000000 
196863 0 3 002c1 00000000 
196928 0 1 000c1 00000000 
196992 4 3 000c1 00000000 
197022 0 1 000c2 00000000 
197086 4 3 000c2 00000000 
197144 0 2 002c2 00000000 
197208 4 3 002c2 00000000 
197540 0 1 001b4 00000000 
197604 4 3 001b4 00000000 
197634 0 1 001c3 00000000 
197698 4 3 001c3 00000000 
197747 0 3 002c2 00000000 
197812 0 1 000c2 00000000 
197876 4 3 000c2 00000000 
197906 0 1 000c3 00000000 
197970 4 3 000c3 00000000 
198000 0 2 002c3 00000000 
198064 4 3 002c3 00000000 
198086 0 3 002c3 00000000 
198151 0 1 000c3 00000000 
198215 4 3 000c3 00000000 
198245 0 1 000c4 00000000 
198309 4 3 000c4 00000000 
198339 0 1 000c5 00000000 
198403 4 3 000c5 00000000 
198433 0 1 000c6 00000000 
198497 4 3 000c6 00000000 
198527 0 1 000c7 00000000 
198591 4 3 000c7 00000000 
198621 0 1 000c8 00000000 
198685 4 3 000c8 00000000 
198715 0 1 000c9 00000000 
198779 4 3 000c9 00000000 
198809 0 1 000ca 00000000 
198873 4 3 000ca 00000000 
198903 0 1 000cb 00000000 
198967 4 3 000cb 00000000 
198997 0 1 000cc 00000000 
199061 4 3 000cc 00000000 
199091 0 1 000cd 00000000 
199155 4 3 000cd 00000000 
199185 0 1 000ce 00000000 
199249 4 3 000ce 00000000 
199279 0 1 000cf 00000000 
199343 4 3 000cf 00000000 
199373 0 1 000d0 00000000 
199437 4 3 000d0 00000000 
199448 0 1 001c3 00000000 
199512 4 3 001c3 00000000 
199533 0 1 000d1 00000000 
199597 4 3 000d1 00000000 
199627 0 1 000d2 00000000 
199691 4 3 000d2 00000000 
199721 0 2 002c3 00000000 
199785 4 3 002c3 00000000 
199800 0 3 002c3 00000000 
199865 0 1 000c3 00000000 
199929 4 3 000c3 00000000 
200276 0 1 001b5 00000000 
200340 4 3 001b5 00000000 
200370 0 1 001c4 00000000 
200434 4 3 001c4 00000000 
200511 0 2 002c4 00000000 
200575 4 3 002c4 00000000 
200618 0 3 002c4 00000000 
200683 0 1 000c4 00000000 
200747 4 3 000c4 00000000 
201066 0 1 001b6 00000000 
201130 4 3 001b6 00000000 
201160 0 1 001c5 00000000 
201224 4 3 001c5 00000000 
201301 0 2 002c5 00000000 
201365 4 3 002c5 00000000 
201436 0 3 002c5 00000000 
201501 0 1 000c5 00000000 
201565 4 3 000c5 00000000 
201856 0 1 001b7 00000000 
201920 4 3 001b7 00000000 
201950 0 1 001c6 00000000 
202014 4 3 001c6 00000000 
202091 0 2 002c6 00000000 
202155 4 3 002c6 00000000 
202254 0 3 002c6 00000000 
202319 0 1 000c6 00000000 
202383 4 3 000c6 00000000 
202646 0 1 001b8 00000000 
202710 4 3 001b8 00000000 
202740 0 1 001c7 00000000 
202804 4 3 001c7 00000000 
202881 0 2 002c7 00000000 
202945 4 3 002c7 00000000 
203072 0 3 002c7 00000000 
203137 0 1 000c7 00000000 
203201 4 3 000c7 00000000 
203436 0 1 001b9 00000000 
203500 4 3 001b9 00000000 
203530 0 1 001c8 00000000 
203594 4 3 001c8 00000000 
203671 0 2 002c8 00000000 
203735 4 3 002c8 00000000 
203890 0 3 002c8 00000000 
203955 0 1 000c8 00000000 
204019 4 3 000c8 00000000 
204226 0 1 001ba 00000000 
204290 4 3 001ba 00000000 
204320 0 1 001c9 00000000 
204384 4 3 001c9 00000000 
204461 0 2 002c9 00000000 
204525 4 3 002c9 00000000 
204708 0 3 002c9 00000000 
204773 0 1 000c9 00000000 
204837 4 3 000c9 00000000 
205016 0 1 001bb 00000000 
205080 4 3 001bb 00000000 
205110 0 1 001ca 00000000 
205174 4 3 001ca 00000000 
205251 0 2 002ca 00000000 
205315 4 3 002ca 00000000 
205526 0 3 002ca 00000000 
205591 0 1 000ca 00000000 
205655 4 3 000ca 00000000 
205806 0 1 001bc 00000000 
205870 4 3 001bc 00000000 
205900 0 1 001cb 00000000 
205964 4 3 001cb 00000000 
206041 0 2 002cb 00000000 
206105 4 3 002cb 00000000 
206344 0 3 002cb 00000000 
206409 0 1 000cb 00000000 
206473 4 3 000cb 00000000 
206596 0 1 001bd 00000000 
206660 4 3 001bd 00000000 
206690 0 1 001cc 00000000 
206754 4 3 001cc 00000000 
206831 0 2 002cc 00000000 
206895 4 3 002cc 00000000 
207162 0 3 002cc 00000000 
207227 0 1 000cc 00000000 
207291 4 3 000cc 00000000 
207386 0 1 001be 00000000 
207450 4 3 001be 00000000 
207480 0 1 001cd 00000000 
207544 4 3 001cd 00000000 
207621 0 2 002cd 00000000 
207685 4 3 002cd 00000000 
207980 0 3 002cd 00000000 
208045 0 1 000cd 00000000 
208109 4 3 000cd 00000000 
208176 0 1 001bf 00000000 
208240 4 3 001bf 00000000 
208270 0 1 001ce 00000000 
208334 4 3 001ce 00000000 
208411 0 2 002ce 00000000 
208475 4 3 002ce 00000000 
208798 0 3 002ce 00000000 
208863 0 1 000ce 00000000 
208927 4 3 000ce 00000000 
208966 0 1 001c0 00000000 
209030 4 3 001c0 00000000 
209060 0 1 001cf 00000000 
209124 4 3 001cf 00000000 
209201 0 2 002cf 00000000 
209265 4 3 002cf 00000000 
209616 0 3 002cf 00000000 
209681 0 1 000cf 00000000 
209745 4 3 000cf 00000000 
209756 0 1 001c1 00000000 
209820 4 3 001c1 00000000 
209850 0 1 001d0 00000000 
209914 4 3 001d0 00000000 
209991 0 2 002d0 00000000 
210055 4 3 002d0 00000000 
210415 0 1 001c2 00000000 
210479 4 3 001c2 00000000 
210500 0 3 002d0 00000000 
210565 0 1 000d0 00000000 
210629 4 3 000d0 00000000 
210640 0 1 001d1 00000000 
210704 4 3 001d1 00000000 
210725 0 1 000d1 00000000 
210789 4 3 000d1 00000000 
210847 0 2 002d1 00000000 
210911 4 3 002d1 00000000 
211271 0 1 001c3 00000000 
211335 4 3 001c3 00000000 
211365 0 1 001d2 00000000 
211429 4 3 001d2 00000000 
211450 0 3 002d1 00000000 
211515 0 1 000d1 00000000 
211579 4 3 000d1 00000000 
211609 0 1 000d2 00000000 
211673 4 3 000d2 00000000 
211703 0 2 002d2 00000000 
211767 4 3 002d2 00000000 
211789 0 3 002d2 00000000 
211854 0 1 000d2 00000000 
211918 4 3 000d2 00000000 
211948 0 1 000d3 00000000 
212012 4 3 000d3 00000000 
212042 0 1 000d4 00000000 
212106 4 3 000d4 00000000 
212136 0 1 000d5 00000000 
212200 4 3 000d5 00000000 
212230 0 1 000d6 00000000 
212294 4 3 000d6 00000000 
212324 0 1 000d7 00000000 
212388 4 3 000d7 00000000 
212418 0 1 000d8 00000000 
212482 4 3 000d8 00000000 
212512 0 1 000d9 00000000 
212576 4 3 000d9 00000000 
212606 0 1 000da 00000000 
212670 4 3 000da 00000000 
212700 0 1 000db 00000000 
212764 4 3 000db 00000000 
212794 0 1 000dc 00000000 
212858 4 3 000dc 00000000 
212888 0 1 000dd 00000000 
212952 4 3 000dd 00000000 
212982 0 1 000de 00000000 
213046 4 3 000de 00000000 
213076 0 1 000df 00000000 
213140 4 3 000df 00000000 
213170 0 1 000e0 00000000 
213234 4 3 000e0 00000000 
213245 0 1 001d2 00000000 
213309 4 3 001d2 00000000 
213330 0 1 000e1 00000000 
213394 4 3 000e1 00000000 
213405 0 1 001e1 00000000 
213469 4 3 001e1 00000000 
213490 0 2 002d2 00000000 
213554 4 3 002d2 00000000 
213569 0 3 002d2 00000000 
213634 0 1 000d2 00000000 
213698 4 3 000d2 00000000 
214073 0 1 001c4 00000000 
214137 4 3 001c4 00000000 
214167 0 1 001d3 00000000 
214231 4 3 001d3 00000000 
214252 0 1 000e1 00000000 
214316 4 3 000e1 00000000 
214346 0 2 002d3 00000000 
214410 4 3 002d3 00000000 
214453 0 3 002d3 00000000 
214518 0 1 000d3 00000000 
214582 4 3 000d3 00000000 
214929 0 1 001c5 00000000 
214993 4 3 001c5 00000000 
215023 0 1 001d4 00000000 
215087 4 3 001d4 00000000 
215136 0 2 002d4 00000000 
215200 4 3 002d4 00000000 
215271 0 3 002d4 00000000 
215336 0 1 000d4 00000000 
215400 4 3 000d4 00000000 
215719 0 1 001c6 00000000 
215783 4 3 001c6 00000000 
215813 0 1 001d5 00000000 
215877 4 3 001d5 00000000 
215926 0 2 002d5 00000000 
215990 4 3 002d5 00000000 
216089 0 3 002d5 00000000 
216154 0 1 000d5 00000000 
216218 4 3 000d5 00000000 
216509 0 1 001c7 00000000 
216573 4 3 001c7 00000000 
216603 0 1 001d6 00000000 
216667 4 3 001d6 00000000 
216716 0 2 002d6 00000000 
216780 4 3 002d6 00000000 
216907 0 3 002d6 00000000 
216972 0 1 000d6 00000000 
217036 4 3 000d6 00000000 
217299 0 1 001c8 00000000 
217363 4 3 001c8 00000000 
217393 0 1 001d7 00000000 
217457 4 3 001d7 00000000 
217506 0 2 002d7 00000000 
217570 4 3 002d7 00000000 
217725 0 3 002d7 00000000 
217790 0 1 000d7 00000000 
217854 4 3 000d7 00000000 
218089 0 1 001c9 00000000 
218153 4 3 001c9 00000000 
218183 0 1 001d8 00000000 
218247 4 3 001d8 00000000 
218296 0 2 002d8 00000000 
218360 4 3 002d8 00000000 
218543 0 3 002d8 00000000 
218608 0 1 000d8 00000000 
218672 4 3 000d8 00000000 
218879 0 1 001ca 00000000 
218943 4 3 001ca 00000000 
218973 0 1 001d9 00000000 
219037 4 3 001d9 00000000 
219086 0 2 002d9 00000000 
219150 4 3 002d9 00000000 
219361 0 3 002d9 00000000 
219426 0 1 000d9 00000000 
219490 4 3 000d9 00000000 
219669 0 1 001cb 00000000 
219733 4 3 001cb 00000000 
219763 0 1 001da 00000000 
219827 4 3 001da 00000000 
219876 0 2 002da 00000000 
219940 4 3 002da 00000000 
220179 0 3 002da 00000000 
220244 0 1 000da 00000000 
220308 4 3 000da 00000000 
220459 0 1 001cc 00000000 
220523 4 3 001cc 00000000 
220553 0 1 001db 00000000 
220617 4 3 001db 00000000 
220666 0 2 002db 00000000 
220730 4 3 002db 00000000 
220997 0 3 002db 00000000 
221062 0 1 000db 00000000 
221126 4 3 000db 00000000 
221249 0 1 001cd 00000000 
221313 4 3 001cd 00000000 
221343 0 1 001dc 00000000 
221407 4 3 001dc 00000000 
221456 0 2 002dc 00000000 
221520 4 3 002dc 00000000 
221815 0 3 002dc 00000000 
221880 0 1 000dc 00000000 
221944 4 3 000dc 00000000 
222039 0 1 001ce 00000000 
222103 4 3 001ce 00000000 
222133 0 1 001dd 00000000 
222197 4 3 001dd 00000000 
222246 0 2 002dd 00000000 
222310 4 3 002dd 00000000 
222633 0 3 002dd 00000000 
222698 0 1 000dd 00000000 
222762 4 3 000dd 00000000 
222829 0 1 001cf 00000000 
222893 4 3 001cf 00000000 
222923 0 1 001de 00000000 
222987 4 3 001de 00000000 
223036 0 2 002de 00000000 
223100 4 3 002de 00000000 
223451 0 3 002de 00000000 
223516 0 1 000de 00000000 
223580 4 3 000de 00000000 
223619 0 1 001d0 00000000 
223683 4 3 001d0 00000000 
223713 0 1 001df 00000000 
223777 4 3 001df 00000000 
223826 0 2 002df 00000000 
223890 4 3 002df 00000000 
224269 0 3 002df 00000000 
224334 0 1 000df 00000000 
224398 4 3 000df 00000000 
224409 0 1 001d1 00000000 
224473 4 3 001d1 00000000 
224503 0 1 001e0 00000000 
224567 4 3 001e0 00000000 
224616 0 2 002e0 00000000 
224680 4 3 002e0 00000000 
225068 0 1 001d2 00000000 
225132 4 3 001d2 00000000 
225153 0 3 002e0 00000000 
225218 0 1 000e0 00000000 
225282 4 3 000e0 00000000 
225293 0 1 001e1 00000000 
225357 4 3 001e1 00000000 
225378 0 1 000e1 00000000 
225442 4 3 000e1 00000000 
225472 0 2 002e1 00000000 
225536 4 3 002e1 00000000 
225558 0 3 002e1 00000000 
225623 0 1 000e1 00000000 
225687 4 3 000e1 00000000 
225717 0 1 000e2 00000000 
225781 4 3 000e2 00000000 
225811 0 1 000e3 00000000 
225875 4 3 000e3 00000000 
225905 0 1 000e4 00000000 
225969 4 3 000e4 00000000 
225999 0 1 000e5 00000000 
226063 4 3 000e5 00000000 
226093 0 1 000e6 00000000 
226157 4 3 000e6 00000000 
226187 0 1 000e7 00000000 
226251 4 3 000e7 00000000 
226281 0 1 000e8 00000000 
226345 4 3 000e8 00000000 
226375 0 1 000e9 00000000 
226439 4 3 000e9 00000000 
226469 0 1 000ea 00000000 
226533 4 3 000ea 00000000 
226563 0 1 000eb 00000000 
226627 4 3 000eb 00000000 
226657 0 1 000ec 00000000 
226721 4 3 000ec 00000000 
226751 0 1 000ed 00000000 
226815 4 3 000ed 00000000 
226845 0 1 000ee 00000000 
226909 4 3 000ee 00000000 
226939 0 1 000ef 00000000 
227003 4 3 000ef 00000000 
227033 0 1 000f0 00000000 
227097 4 3 000f0 00000000 
227108 0 1 001e1 00000000 
227172 4 3 001e1 00000000 
227193 0 2 002e1 00000000 
227257 4 3 002e1 00000000 
227272 0 3 002e1 00000000 
227337 0 1 000e1 00000000 
227401 4 3 000e1 00000000 
227804 0 1 001d3 00000000 
227868 4 3 001d3 00000000 
227898 0 1 001e2 00000000 
227962 4 3 001e2 00000000 
227983 0 2 002e2 00000000 
228047 4 3 002e2 00000000 
228090 0 3 002e2 00000000 
228155 0 1 000e2 00000000 
228219 4 3 000e2 00000000 
228594 0 1 001d4 00000000 
228658 4 3 001d4 00000000 
228688 0 1 001e3 00000000 
228752 4 3 001e3 00000000 
228773 0 2 002e3 00000000 
228837 4 3 002e3 00000000 
228908 0 3 002e3 00000000 
228973 0 1 000e3 00000000 
229037 4 3 000e3 00000000 
229384 0 1 001d5 00000000 
229448 4 3 001d5 00000000 
229478 0 1 001e4 00000000 
229542 4 3 001e4 00000000 
229563 0 2 002e4 00000000 
229627 4 3 002e4 00000000 
229726 0 3 002e4 00000000 
229791 0 1 000e4 00000000 
229855 4 3 000e4 00000000 
230174 0 1 001d6 00000000 
230238 4 3 001d6 00000000 
230268 0 1 001e5 00000000 
230332 4 3 001e5 00000000 
230353 0 2 002e5 00000000 
230417 4 3 002e5 00000000 
230544 0 3 002e5 00000000 
230609 0 1 000e5 00000000 
230673 4 3 000e5 00000000 
230964 0 1 001d7 00000000 
231028 4 3 001d7 00000000 
231058 0 1 001e6 00000000 
231122 4 3 001e6 00000000 
231143 0 2 002e6 00000000 
231207 4 3 002e6 00000000 
231362 0 3 002e6 00000000 
231427 0 1 000e6 00000000 
231491 4 3 000e6 00000000 
231754 0 1 001d8 00000000 
231818 4 3 001d8 00000000 
231848 0 1 001e7 00000000 
231912 4 3 001e7 00000000 
231933 0 2 002e7 00000000 
231997 4 3 002e7 00000000 
232180 0 3 002e7 00000000 
232245 0 1 000e7 00000000 
232309 4 3 000e7 00000000 
232544 0 1 001d9 00000000 
232608 4 3 001d9 00000000 
232638 0 1 001e8 00000000 
232702 4 3 001e8 00000000 
232723 0 2 002e8 00000000 
232787 4 3 002e8 00000000 
232998 0 3 002e8 00000000 
233063 0 1 000e8 00000000 
233127 4 3 000e8 00000000 
233334 0 1 001da 00000000 
233398 4 3 001da 00000000 
233428 0 1 001e9 00000000 
233492 4 3 001e9 00000000 
233513 0 2 002e9 00000000 
233577 4 3 002e9 00000000 
233816 0 3 002e9 00000000 
233881 0 1 000e9 00000000 
233945 4 3 000e9 00000000 
234124 0 1 001db 00000000 
234188 4 3 001db 00000000 
234218 0 1 001ea 00000000 
234282 4 3 001ea 00000000 
234303 0 2 002ea 00000000 
234367 4 3 002ea 00000000 
234634 0 3 002ea 00000000 
234699 0 1 000ea 00000000 
234763 4 3 000ea 00000000 
234914 0 1 001dc 00000000 
234978 4 3 001dc 00000000 
235008 0 1 001eb 00000000 
235072 4 3 001eb 00000000 
235093 0 2 002eb 00000000 
235157 4 3 002eb 00000000 
235452 0 3 002eb 00000000 
235517 0 1 000eb 00000000 
235581 4 3 000eb 00000000 
235704 0 1 001dd 00000000 
235768 4 3 001dd 00000000 
235798 0 1 001ec 00000000 
235862 4 3 001ec 00000000 
235883 0 2 002ec 00000000 
235947 4 3 002ec 00000000 
236270 0 3 002ec 00000000 
236335 0 1 000ec 00000000 
236399 4 3 000ec 00000000 
236494 0 1 001de 00000000 
236558 4 3 001de 00000000 
236588 0 1 001ed 00000000 
236652 4 3 001ed 00000000 
236673 0 2 002ed 00000000 
236737 4 3 002ed 00000000 
237088 0 3 002ed 00000000 
237153 0 1 000ed 00000000 
237217 4 3 000ed 00000000 
237284 0 1 001df 00000000 
237348 4 3 001df 00000000 
237378 0 1 001ee 00000000 
237442 4 3 001ee 00000000 
237463 0 2 002ee 00000000 
237527 4 3 002ee 00000000 
237906 0 3 002ee 00000000 
237971 0 1 000ee 00000000 
238035 4 3 000ee 00000000 
238074 0 1 001e0 00000000 
238138 4 3 001e0 00000000 
238168 0 1 001ef 00000000 
238232 4 3 001ef 00000000 
238253 0 2 002ef 00000000 
238317 4 3 002ef 00000000 
238724 0 3 002ef 00000000 
238789 0 1 000ef 00000000 
238853 4 3 000ef 00000000 
238864 0 1 001e1 00000000 
238928 4 3 001e1 00000000 
238958 0 1 001f0 00000000 
239022 4 3 001f0 00000000 
239043 0 2 002f0 00000000 
239107 4 3 002f0 00000000 
