19 0 1 00000 00000000 
83 4 3 00000 00000001 
86 0 1 00001 00000000 
150 4 3 00001 00000002 
153 0 1 00002 00000000 
217 4 3 00002 00000003 
220 0 1 00003 00000000 
284 4 3 00003 00000004 
287 0 1 00100 00000000 
351 4 3 00100 00000001 
354 0 1 00110 00000000 
418 4 3 00110 00000001 
421 0 1 00120 00000000 
485 4 3 00120 00000001 
488 0 1 00130 00000000 
552 4 3 00130 00000001 
592 0 1 00004 00000000 
656 4 3 00004 00000005 
659 0 1 00005 00000000 
723 4 3 00005 00000006 
726 0 1 00006 00000000 
790 4 3 00006 00000007 
793 0 1 00007 00000000 
857 4 3 00007 00000008 
860 0 1 00140 00000000 
924 4 3 00140 00000001 
927 0 1 00150 00000000 
991 4 3 00150 00000001 
994 0 1 00160 00000000 
1058 4 3 00160 00000001 
1061 0 1 00170 00000000 
1125 4 3 00170 00000001 
1165 0 1 00008 00000000 
1229 4 3 00008 00000009 
1232 0 1 00009 00000000 
1296 4 3 00009 0000000a 
1299 0 1 0000a 00000000 
1363 4 3 0000a 0000000b 
1366 0 1 0000b 00000000 
1430 4 3 0000b 0000000c 
1433 0 1 00180 00000000 
1497 4 3 00180 00000001 
1500 0 1 00190 00000000 
1564 4 3 00190 00000001 
1567 0 1 001a0 00000000 
1631 4 3 001a0 00000001 
1634 0 1 001b0 00000000 
1698 4 3 001b0 00000001 
1738 0 1 0000c 00000000 
1802 4 3 0000c 0000000d 
1805 0 1 0000d 00000000 
1869 4 3 0000d 0000000e 
1872 0 1 0000e 00000000 
1936 4 3 0000e 0000000f 
1939 0 1 0000f 00000000 
2003 4 3 0000f 00000010 
2006 0 1 001c0 00000000 
2070 4 3 001c0 00000001 
2073 0 1 001d0 00000000 
2137 4 3 001d0 00000001 
2140 0 1 001e0 00000000 
2204 4 3 001e0 00000001 
2207 0 1 001f0 00000000 
2271 4 3 001f0 00000001 
2309 0 2 00200 00000000 
2373 4 3 00200 00000000 
2395 0 3 00200 00000088 
2460 0 1 00000 00000000 
2524 4 3 00000 00000001 
2530 0 1 00101 00000000 
2594 4 3 00101 00000002 
2597 0 1 00111 00000000 
2661 4 3 00111 00000002 
2664 0 1 00121 00000000 
2728 4 3 00121 00000002 
2731 0 1 00131 00000000 
2795 4 3 00131 00000002 
2839 0 1 00141 00000000 
2903 4 3 00141 00000002 
2906 0 1 00151 00000000 
2970 4 3 00151 00000002 
2973 0 1 00161 00000000 
3037 4 3 00161 00000002 
3040 0 1 00171 00000000 
3104 4 3 00171 00000002 
3148 0 1 00181 00000000 
3212 4 3 00181 00000002 
3215 0 1 00191 00000000 
3279 4 3 00191 00000002 
3282 0 1 001a1 00000000 
3346 4 3 001a1 00000002 
3349 0 1 001b1 00000000 
3413 4 3 001b1 00000002 
3457 0 1 001c1 00000000 
3521 4 3 001c1 00000002 
3524 0 1 001d1 00000000 
3588 4 3 001d1 00000002 
3591 0 1 001e1 00000000 
3655 4 3 001e1 00000002 
3658 0 1 001f1 00000000 
3722 4 3 001f1 00000002 
3760 0 2 00201 00000000 
3824 4 3 00201 00000000 
3847 0 3 00201 00000110 
3912 0 1 00001 00000000 
3976 4 3 00001 00000002 
3981 0 1 00102 00000000 
4045 4 3 00102 00000003 
4048 0 1 00112 00000000 
4112 4 3 00112 00000003 
4115 0 1 00122 00000000 
4179 4 3 00122 00000003 
4182 0 1 00132 00000000 
4246 4 3 00132 00000003 
4290 0 1 00142 00000000 
4354 4 3 00142 00000003 
4357 0 1 00152 00000000 
4421 4 3 00152 00000003 
4424 0 1 00162 00000000 
4488 4 3 00162 00000003 
4491 0 1 00172 00000000 
4555 4 3 00172 00000003 
4599 0 1 00182 00000000 
4663 4 3 00182 00000003 
4666 0 1 00192 00000000 
4730 4 3 00192 00000003 
4733 0 1 001a2 00000000 
4797 4 3 001a2 00000003 
4800 0 1 001b2 00000000 
4864 4 3 001b2 00000003 
4908 0 1 001c2 00000000 
4972 4 3 001c2 00000003 
4975 0 1 001d2 00000000 
5039 4 3 001d2 00000003 
5042 0 1 001e2 00000000 
5106 4 3 001e2 00000003 
5109 0 1 001f2 00000000 
5173 4 3 001f2 00000003 
5211 0 2 00202 00000000 
5275 4 3 00202 00000000 
5299 0 3 00202 00000198 
5364 0 1 00002 00000000 
5428 4 3 00002 00000003 
5432 0 1 00103 00000000 
5496 4 3 00103 00000004 
5499 0 1 00113 00000000 
5563 4 3 00113 00000004 
5566 0 1 00123 00000000 
5630 4 3 00123 00000004 
5633 0 1 00133 00000000 
5697 4 3 00133 00000004 
5741 0 1 00143 00000000 
5805 4 3 00143 00000004 
5808 0 1 00153 00000000 
5872 4 3 00153 00000004 
5875 0 1 00163 00000000 
5939 4 3 00163 00000004 
5942 0 1 00173 00000000 
6006 4 3 00173 00000004 
6050 0 1 00183 00000000 
6114 4 3 00183 00000004 
6117 0 1 00193 00000000 
6181 4 3 00193 00000004 
6184 0 1 001a3 00000000 
6248 4 3 001a3 00000004 
6251 0 1 001b3 00000000 
6315 4 3 001b3 00000004 
6359 0 1 001c3 00000000 
6423 4 3 001c3 00000004 
6426 0 1 001d3 00000000 
6490 4 3 001d3 00000004 
6493 0 1 001e3 00000000 
6557 4 3 001e3 00000004 
6560 0 1 001f3 00000000 
6624 4 3 001f3 00000004 
6662 0 2 00203 00000000 
6726 4 3 00203 00000000 
6751 0 3 00203 00000220 
6816 0 1 00003 00000000 
6880 4 3 00003 00000004 
6883 0 1 00104 00000000 
6947 4 3 00104 00000005 
6950 0 1 00114 00000000 
7014 4 3 00114 00000005 
7017 0 1 00124 00000000 
7081 4 3 00124 00000005 
7084 0 1 00134 00000000 
7148 4 3 00134 00000005 
7188 0 1 00004 00000000 
7252 4 3 00004 00000005 
7258 0 1 00144 00000000 
7322 4 3 00144 00000005 
7325 0 1 00154 00000000 
7389 4 3 00154 00000005 
7392 0 1 00164 00000000 
7456 4 3 00164 00000005 
7459 0 1 00174 00000000 
7523 4 3 00174 00000005 
7567 0 1 00184 00000000 
7631 4 3 00184 00000005 
7634 0 1 00194 00000000 
7698 4 3 00194 00000005 
7701 0 1 001a4 00000000 
7765 4 3 001a4 00000005 
7768 0 1 001b4 00000000 
7832 4 3 001b4 00000005 
7876 0 1 001c4 00000000 
7940 4 3 001c4 00000005 
7943 0 1 001d4 00000000 
8007 4 3 001d4 00000005 
8010 0 1 001e4 00000000 
8074 4 3 001e4 00000005 
8077 0 1 001f4 00000000 
8141 4 3 001f4 00000005 
8179 0 2 00204 00000000 
8243 4 3 00204 00000000 
8269 0 1 00105 00000000 
8333 4 3 00105 00000006 
8336 0 1 00115 00000000 
8400 4 3 00115 00000006 
8403 0 1 00125 00000000 
8467 4 3 00125 00000006 
8470 0 1 00135 00000000 
8534 4 3 00135 00000006 
8574 0 3 00204 000002a8 
8639 0 1 00004 00000000 
8703 4 3 00004 00000005 
8706 0 1 00005 00000000 
8770 4 3 00005 00000006 
8775 0 1 00145 00000000 
8839 4 3 00145 00000006 
8842 0 1 00155 00000000 
8906 4 3 00155 00000006 
8909 0 1 00165 00000000 
8973 4 3 00165 00000006 
8976 0 1 00175 00000000 
9040 4 3 00175 00000006 
9084 0 1 00185 00000000 
9148 4 3 00185 00000006 
9151 0 1 00195 00000000 
9215 4 3 00195 00000006 
9218 0 1 001a5 00000000 
9282 4 3 001a5 00000006 
9285 0 1 001b5 00000000 
9349 4 3 001b5 00000006 
9393 0 1 001c5 00000000 
9457 4 3 001c5 00000006 
9460 0 1 001d5 00000000 
9524 4 3 001d5 00000006 
9527 0 1 001e5 00000000 
9591 4 3 001e5 00000006 
9594 0 1 001f5 00000000 
9658 4 3 001f5 00000006 
9696 0 2 00205 00000000 
9760 4 3 00205 00000000 
9786 0 1 00106 00000000 
9850 4 3 00106 00000007 
9853 0 1 00116 00000000 
9917 4 3 00116 00000007 
9920 0 1 00126 00000000 
9984 4 3 00126 00000007 
9987 0 1 00136 00000000 
10051 4 3 00136 00000007 
10092 0 3 00205 00000330 
10157 0 1 00005 00000000 
10221 4 3 00005 00000006 
10224 0 1 00006 00000000 
10288 4 3 00006 00000007 
10292 0 1 00146 00000000 
10356 4 3 00146 00000007 
10359 0 1 00156 00000000 
10423 4 3 00156 00000007 
10426 0 1 00166 00000000 
10490 4 3 00166 00000007 
10493 0 1 00176 00000000 
10557 4 3 00176 00000007 
10601 0 1 00186 00000000 
10665 4 3 00186 00000007 
10668 0 1 00196 00000000 
10732 4 3 00196 00000007 
10735 0 1 001a6 00000000 
10799 4 3 001a6 00000007 
10802 0 1 001b6 00000000 
10866 4 3 001b6 00000007 
10910 0 1 001c6 00000000 
10974 4 3 001c6 00000007 
10977 0 1 001d6 00000000 
11041 4 3 001d6 00000007 
11044 0 1 001e6 00000000 
11108 4 3 001e6 00000007 
11111 0 1 001f6 00000000 
11175 4 3 001f6 00000007 
11213 0 2 00206 00000000 
11277 4 3 00206 00000000 
11303 0 1 00107 00000000 
11367 4 3 00107 00000008 
11370 0 1 00117 00000000 
11434 4 3 00117 00000008 
11437 0 1 00127 00000000 
11501 4 3 00127 00000008 
11504 0 1 00137 00000000 
11568 4 3 00137 00000008 
11610 0 3 00206 000003b8 
11675 0 1 00006 00000000 
11739 4 3 00006 00000007 
11742 0 1 00007 00000000 
11806 4 3 00007 00000008 
11809 0 1 00147 00000000 
11873 4 3 00147 00000008 
11876 0 1 00157 00000000 
11940 4 3 00157 00000008 
11943 0 1 00167 00000000 
12007 4 3 00167 00000008 
12010 0 1 00177 00000000 
12074 4 3 00177 00000008 
12118 0 1 00187 00000000 
12182 4 3 00187 00000008 
12185 0 1 00197 00000000 
12249 4 3 00197 00000008 
12252 0 1 001a7 00000000 
12316 4 3 001a7 00000008 
12319 0 1 001b7 00000000 
12383 4 3 001b7 00000008 
12427 0 1 001c7 00000000 
12491 4 3 001c7 00000008 
12494 0 1 001d7 00000000 
12558 4 3 001d7 00000008 
12561 0 1 001e7 00000000 
12625 4 3 001e7 00000008 
12628 0 1 001f7 00000000 
12692 4 3 001f7 00000008 
12730 0 2 00207 00000000 
12794 4 3 00207 00000000 
12820 0 1 00108 00000000 
12884 4 3 00108 00000009 
12887 0 1 00118 00000000 
12951 4 3 00118 00000009 
12954 0 1 00128 00000000 
13018 4 3 00128 00000009 
13021 0 1 00138 00000000 
13085 4 3 00138 00000009 
13128 0 3 00207 00000440 
13193 0 1 00007 00000000 
13257 4 3 00007 00000008 
13260 0 1 00148 00000000 
13324 4 3 00148 00000009 
13327 0 1 00158 00000000 
13391 4 3 00158 00000009 
13394 0 1 00168 00000000 
13458 4 3 00168 00000009 
13461 0 1 00178 00000000 
13525 4 3 00178 00000009 
13565 0 1 00008 00000000 
13629 4 3 00008 00000009 
13635 0 1 00188 00000000 
13699 4 3 00188 00000009 
13702 0 1 00198 00000000 
13766 4 3 00198 00000009 
13769 0 1 001a8 00000000 
13833 4 3 001a8 00000009 
13836 0 1 001b8 00000000 
13900 4 3 001b8 00000009 
13944 0 1 001c8 00000000 
14008 4 3 001c8 00000009 
14011 0 1 001d8 00000000 
14075 4 3 001d8 00000009 
14078 0 1 001e8 00000000 
14142 4 3 001e8 00000009 
14145 0 1 001f8 00000000 
14209 4 3 001f8 00000009 
14247 0 2 00208 00000000 
14311 4 3 00208 00000000 
14337 0 1 00109 00000000 
14401 4 3 00109 0000000a 
14404 0 1 00119 00000000 
14468 4 3 00119 0000000a 
14471 0 1 00129 00000000 
14535 4 3 00129 0000000a 
14538 0 1 00139 00000000 
14602 4 3 00139 0000000a 
14646 0 1 00149 00000000 
14710 4 3 00149 0000000a 
14713 0 1 00159 00000000 
14777 4 3 00159 0000000a 
14780 0 1 00169 00000000 
14844 4 3 00169 0000000a 
14847 0 1 00179 00000000 
14911 4 3 00179 0000000a 
14951 0 3 00208 000004c8 
15016 0 1 00008 00000000 
15080 4 3 00008 00000009 
15083 0 1 00009 00000000 
15147 4 3 00009 0000000a 
15152 0 1 00189 00000000 
15216 4 3 00189 0000000a 
15219 0 1 00199 00000000 
15283 4 3 00199 0000000a 
15286 0 1 001a9 00000000 
15350 4 3 001a9 0000000a 
15353 0 1 001b9 00000000 
15417 4 3 001b9 0000000a 
15461 0 1 001c9 00000000 
15525 4 3 001c9 0000000a 
15528 0 1 001d9 00000000 
15592 4 3 001d9 0000000a 
15595 0 1 001e9 00000000 
15659 4 3 001e9 0000000a 
15662 0 1 001f9 00000000 
15726 4 3 001f9 0000000a 
15764 0 2 00209 00000000 
15828 4 3 00209 00000000 
15854 0 1 0010a 00000000 
15918 4 3 0010a 0000000b 
15921 0 1 0011a 00000000 
15985 4 3 0011a 0000000b 
15988 0 1 0012a 00000000 
16052 4 3 0012a 0000000b 
16055 0 1 0013a 00000000 
16119 4 3 0013a 0000000b 
16163 0 1 0014a 00000000 
16227 4 3 0014a 0000000b 
16230 0 1 0015a 00000000 
16294 4 3 0015a 0000000b 
16297 0 1 0016a 00000000 
16361 4 3 0016a 0000000b 
16364 0 1 0017a 00000000 
16428 4 3 0017a 0000000b 
16469 0 3 00209 00000550 
16534 0 1 00009 00000000 
16598 4 3 00009 0000000a 
16601 0 1 0000a 00000000 
16665 4 3 0000a 0000000b 
16669 0 1 0018a 00000000 
16733 4 3 0018a 0000000b 
16736 0 1 0019a 00000000 
16800 4 3 0019a 0000000b 
16803 0 1 001aa 00000000 
16867 4 3 001aa 0000000b 
16870 0 1 001ba 00000000 
16934 4 3 001ba 0000000b 
16978 0 1 001ca 00000000 
17042 4 3 001ca 0000000b 
17045 0 1 001da 00000000 
17109 4 3 001da 0000000b 
17112 0 1 001ea 00000000 
17176 4 3 001ea 0000000b 
17179 0 1 001fa 00000000 
17243 4 3 001fa 0000000b 
17281 0 2 0020a 00000000 
17345 4 3 0020a 00000000 
17371 0 1 0010b 00000000 
17435 4 3 0010b 0000000c 
17438 0 1 0011b 00000000 
17502 4 3 0011b 0000000c 
17505 0 1 0012b 00000000 
17569 4 3 0012b 0000000c 
17572 0 1 0013b 00000000 
17636 4 3 0013b 0000000c 
17680 0 1 0014b 00000000 
17744 4 3 0014b 0000000c 
17747 0 1 0015b 00000000 
17811 4 3 0015b 0000000c 
17814 0 1 0016b 00000000 
17878 4 3 0016b 0000000c 
17881 0 1 0017b 00000000 
17945 4 3 0017b 0000000c 
17987 0 3 0020a 000005d8 
18052 0 1 0000a 00000000 
18116 4 3 0000a 0000000b 
18119 0 1 0000b 00000000 
18183 4 3 0000b 0000000c 
18186 0 1 0018b 00000000 
18250 4 3 0018b 0000000c 
18253 0 1 0019b 00000000 
18317 4 3 0019b 0000000c 
18320 0 1 001ab 00000000 
18384 4 3 001ab 0000000c 
18387 0 1 001bb 00000000 
18451 4 3 001bb 0000000c 
18495 0 1 001cb 00000000 
18559 4 3 001cb 0000000c 
18562 0 1 001db 00000000 
18626 4 3 001db 0000000c 
18629 0 1 001eb 00000000 
18693 4 3 001eb 0000000c 
18696 0 1 001fb 00000000 
18760 4 3 001fb 0000000c 
18798 0 2 0020b 00000000 
18862 4 3 0020b 00000000 
18888 0 1 0010c 00000000 
18952 4 3 0010c 0000000d 
18955 0 1 0011c 00000000 
19019 4 3 0011c 0000000d 
19022 0 1 0012c 00000000 
19086 4 3 0012c 0000000d 
19089 0 1 0013c 00000000 
19153 4 3 0013c 0000000d 
19197 0 1 0014c 00000000 
19261 4 3 0014c 0000000d 
19264 0 1 0015c 00000000 
19328 4 3 0015c 0000000d 
19331 0 1 0016c 00000000 
19395 4 3 0016c 0000000d 
19398 0 1 0017c 00000000 
19462 4 3 0017c 0000000d 
19505 0 3 0020b 00000660 
19570 0 1 0000b 00000000 
19634 4 3 0000b 0000000c 
19637 0 1 0018c 00000000 
19701 4 3 0018c 0000000d 
19704 0 1 0019c 00000000 
19768 4 3 0019c 0000000d 
19771 0 1 001ac 00000000 
19835 4 3 001ac 0000000d 
19838 0 1 001bc 00000000 
19902 4 3 001bc 0000000d 
19942 0 1 0000c 00000000 
20006 4 3 0000c 0000000d 
20012 0 1 001cc 00000000 
20076 4 3 001cc 0000000d 
20079 0 1 001dc 00000000 
20143 4 3 001dc 0000000d 
20146 0 1 001ec 00000000 
20210 4 3 001ec 0000000d 
20213 0 1 001fc 00000000 
20277 4 3 001fc 0000000d 
20315 0 2 0020c 00000000 
20379 4 3 0020c 00000000 
20405 0 1 0010d 00000000 
20469 4 3 0010d 0000000e 
20472 0 1 0011d 00000000 
20536 4 3 0011d 0000000e 
20539 0 1 0012d 00000000 
20603 4 3 0012d 0000000e 
20606 0 1 0013d 00000000 
20670 4 3 0013d 0000000e 
20714 0 1 0014d 00000000 
20778 4 3 0014d 0000000e 
20781 0 1 0015d 00000000 
20845 4 3 0015d 0000000e 
20848 0 1 0016d 00000000 
20912 4 3 0016d 0000000e 
20915 0 1 0017d 00000000 
20979 4 3 0017d 0000000e 
21023 0 1 0018d 00000000 
21087 4 3 0018d 0000000e 
21090 0 1 0019d 00000000 
21154 4 3 0019d 0000000e 
21157 0 1 001ad 00000000 
21221 4 3 001ad 0000000e 
21224 0 1 001bd 00000000 
21288 4 3 001bd 0000000e 
21328 0 3 0020c 000006e8 
21393 0 1 0000c 00000000 
21457 4 3 0000c 0000000d 
21460 0 1 0000d 00000000 
21524 4 3 0000d 0000000e 
21529 0 1 001cd 00000000 
21593 4 3 001cd 0000000e 
21596 0 1 001dd 00000000 
21660 4 3 001dd 0000000e 
21663 0 1 001ed 00000000 
21727 4 3 001ed 0000000e 
21730 0 1 001fd 00000000 
21794 4 3 001fd 0000000e 
21832 0 2 0020d 00000000 
21896 4 3 0020d 00000000 
21922 0 1 0010e 00000000 
21986 4 3 0010e 0000000f 
21989 0 1 0011e 00000000 
22053 4 3 0011e 0000000f 
22056 0 1 0012e 00000000 
22120 4 3 0012e 0000000f 
22123 0 1 0013e 00000000 
22187 4 3 0013e 0000000f 
22231 0 1 0014e 00000000 
22295 4 3 0014e 0000000f 
22298 0 1 0015e 00000000 
22362 4 3 0015e 0000000f 
22365 0 1 0016e 00000000 
22429 4 3 0016e 0000000f 
22432 0 1 0017e 00000000 
22496 4 3 0017e 0000000f 
22540 0 1 0018e 00000000 
22604 4 3 0018e 0000000f 
22607 0 1 0019e 00000000 
22671 4 3 0019e 0000000f 
22674 0 1 001ae 00000000 
22738 4 3 001ae 0000000f 
22741 0 1 001be 00000000 
22805 4 3 001be 0000000f 
22846 0 3 0020d 00000770 
22911 0 1 0000d 00000000 
22975 4 3 0000d 0000000e 
22978 0 1 0000e 00000000 
23042 4 3 0000e 0000000f 
23046 0 1 001ce 00000000 
23110 4 3 001ce 0000000f 
23113 0 1 001de 00000000 
23177 4 3 001de 0000000f 
23180 0 1 001ee 00000000 
23244 4 3 001ee 0000000f 
23247 0 1 001fe 00000000 
23311 4 3 001fe 0000000f 
23349 0 2 0020e 00000000 
23413 4 3 0020e 00000000 
23439 0 1 0010f 00000000 
23503 4 3 0010f 00000010 
23506 0 1 0011f 00000000 
23570 4 3 0011f 00000010 
23573 0 1 0012f 00000000 
23637 4 3 0012f 00000010 
23640 0 1 0013f 00000000 
23704 4 3 0013f 00000010 
23748 0 1 0014f 00000000 
23812 4 3 0014f 00000010 
23815 0 1 0015f 00000000 
23879 4 3 0015f 00000010 
23882 0 1 0016f 00000000 
23946 4 3 0016f 00000010 
23949 0 1 0017f 00000000 
24013 4 3 0017f 00000010 
24057 0 1 0018f 00000000 
24121 4 3 0018f 00000010 
24124 0 1 0019f 00000000 
24188 4 3 0019f 00000010 
24191 0 1 001af 00000000 
24255 4 3 001af 00000010 
24258 0 1 001bf 00000000 
24322 4 3 001bf 00000010 
24364 0 3 0020e 000007f8 
24429 0 1 0000e 00000000 
24493 4 3 0000e 0000000f 
24496 0 1 0000f 00000000 
24560 4 3 0000f 00000010 
24563 0 1 001cf 00000000 
24627 4 3 001cf 00000010 
24630 0 1 001df 00000000 
24694 4 3 001df 00000010 
24697 0 1 001ef 00000000 
24761 4 3 001ef 00000010 
24764 0 1 001ff 00000000 
24828 4 3 001ff 00000010 
24866 0 2 0020f 00000000 
24930 4 3 0020f 00000000 
24960 0 1 00010 00000000 
25024 4 3 00010 00000001 
25027 0 1 00011 00000000 
25091 4 3 00011 00000002 
25094 0 1 00012 00000000 
25158 4 3 00012 00000003 
25161 0 1 00013 00000000 
25225 4 3 00013 00000004 
25228 0 1 00100 00000000 
25292 4 3 00100 00000001 
25295 0 1 00110 00000000 
25359 4 3 00110 00000001 
25401 0 1 00014 00000000 
25465 4 3 00014 00000005 
25468 0 1 00015 00000000 
25532 4 3 00015 00000006 
25535 0 1 00016 00000000 
25599 4 3 00016 00000007 
25602 0 1 00017 00000000 
25666 4 3 00017 00000008 
25710 0 1 00018 00000000 
25774 4 3 00018 00000009 
25777 0 1 00019 00000000 
25841 4 3 00019 0000000a 
25844 0 1 0001a 00000000 
25908 4 3 0001a 0000000b 
25911 0 1 0001b 00000000 
25975 4 3 0001b 0000000c 
26019 0 1 0001c 00000000 
26083 4 3 0001c 0000000d 
26086 0 1 0001d 00000000 
26150 4 3 0001d 0000000e 
26153 0 1 0001e 00000000 
26217 4 3 0001e 0000000f 
26220 0 1 0001f 00000000 
26284 4 3 0001f 00000010 
26326 0 2 00210 00000000 
26390 4 3 00210 00000000 
26412 0 3 00210 00000088 
26477 0 1 00010 00000000 
26541 4 3 00010 00000001 
26547 0 1 00101 00000000 
26611 4 3 00101 00000002 
26614 0 1 00111 00000000 
26678 4 3 00111 00000002 
26853 0 2 00211 00000000 
26917 4 3 00211 00000000 
26940 0 3 00211 00000110 
27005 0 1 00011 00000000 
27069 4 3 00011 00000002 
27074 0 1 00102 00000000 
27138 4 3 00102 00000003 
27141 0 1 00112 00000000 
27205 4 3 00112 00000003 
27380 0 2 00212 00000000 
27444 4 3 00212 00000000 
27468 0 3 00212 00000198 
27533 0 1 00012 00000000 
27597 4 3 00012 00000003 
27601 0 1 00103 00000000 
27665 4 3 00103 00000004 
27668 0 1 00113 00000000 
27732 4 3 00113 00000004 
27907 0 2 00213 00000000 
27971 4 3 00213 00000000 
27996 0 3 00213 00000220 
28061 0 1 00013 00000000 
28125 4 3 00013 00000004 
28128 0 1 00104 00000000 
28192 4 3 00104 00000005 
28195 0 1 00114 00000000 
28259 4 3 00114 00000005 
28301 0 1 00014 00000000 
28365 4 3 00014 00000005 
28500 0 2 00214 00000000 
28564 4 3 00214 00000000 
28590 0 1 00105 00000000 
28654 4 3 00105 00000006 
28657 0 1 00115 00000000 
28721 4 3 00115 00000006 
28763 0 3 00214 000002a8 
28828 0 1 00014 00000000 
28892 4 3 00014 00000005 
28895 0 1 00015 00000000 
28959 4 3 00015 00000006 
29093 0 2 00215 00000000 
29157 4 3 00215 00000000 
29183 0 1 00106 00000000 
29247 4 3 00106 00000007 
29250 0 1 00116 00000000 
29314 4 3 00116 00000007 
29357 0 3 00215 00000330 
29422 0 1 00015 00000000 
29486 4 3 00015 00000006 
29489 0 1 00016 00000000 
29553 4 3 00016 00000007 
29686 0 2 00216 00000000 
29750 4 3 00216 00000000 
29776 0 1 00107 00000000 
29840 4 3 00107 00000008 
29843 0 1 00117 00000000 
29907 4 3 00117 00000008 
29951 0 3 00216 000003b8 
30016 0 1 00016 00000000 
30080 4 3 00016 00000007 
30083 0 1 00017 00000000 
30147 4 3 00017 00000008 
30279 0 2 00217 00000000 
30343 4 3 00217 00000000 
30369 0 1 00108 00000000 
30433 4 3 00108 00000009 
30436 0 1 00118 00000000 
30500 4 3 00118 00000009 
30545 0 3 00217 00000440 
30610 0 1 00017 00000000 
30674 4 3 00017 00000008 
30718 0 1 00018 00000000 
30782 4 3 00018 00000009 
30872 0 2 00218 00000000 
30936 4 3 00218 00000000 
30962 0 1 00109 00000000 
31026 4 3 00109 0000000a 
31029 0 1 00119 00000000 
31093 4 3 00119 0000000a 
31180 0 3 00218 000004c8 
31245 0 1 00018 00000000 
31309 4 3 00018 00000009 
31312 0 1 00019 00000000 
31376 4 3 00019 0000000a 
31465 0 2 00219 00000000 
31529 4 3 00219 00000000 
31555 0 1 0010a 00000000 
31619 4 3 0010a 0000000b 
31622 0 1 0011a 00000000 
31686 4 3 0011a 0000000b 
31774 0 3 00219 00000550 
31839 0 1 00019 00000000 
31903 4 3 00019 0000000a 
31906 0 1 0001a 00000000 
31970 4 3 0001a 0000000b 
32058 0 2 0021a 00000000 
32122 4 3 0021a 00000000 
32148 0 1 0010b 00000000 
32212 4 3 0010b 0000000c 
32215 0 1 0011b 00000000 
32279 4 3 0011b 0000000c 
32368 0 3 0021a 000005d8 
32433 0 1 0001a 00000000 
32497 4 3 0001a 0000000b 
32500 0 1 0001b 00000000 
32564 4 3 0001b 0000000c 
32651 0 2 0021b 00000000 
32715 4 3 0021b 00000000 
32741 0 1 0010c 00000000 
32805 4 3 0010c 0000000d 
32808 0 1 0011c 00000000 
32872 4 3 0011c 0000000d 
32962 0 3 0021b 00000660 
33027 0 1 0001b 00000000 
33091 4 3 0001b 0000000c 
33135 0 1 0001c 00000000 
33199 4 3 0001c 0000000d 
33244 0 2 0021c 00000000 
33308 4 3 0021c 00000000 
33334 0 1 0010d 00000000 
33398 4 3 0010d 0000000e 
33401 0 1 0011d 00000000 
33465 4 3 0011d 0000000e 
33597 0 3 0021c 000006e8 
33662 0 1 0001c 00000000 
33726 4 3 0001c 0000000d 
33729 0 1 0001d 00000000 
33793 4 3 0001d 0000000e 
33837 0 2 0021d 00000000 
33901 4 3 0021d 00000000 
33927 0 1 0010e 00000000 
33991 4 3 0010e 0000000f 
33994 0 1 0011e 00000000 
34058 4 3 0011e 0000000f 
34191 0 3 0021d 00000770 
34256 0 1 0001d 00000000 
34320 4 3 0001d 0000000e 
34323 0 1 0001e 00000000 
34387 4 3 0001e 0000000f 
34430 0 2 0021e 00000000 
34494 4 3 0021e 00000000 
34520 0 3 0020f 00000880 
34585 0 1 0010f 00000000 
34649 4 3 0010f 00000010 
34652 0 1 0011f 00000000 
34716 4 3 0011f 00000010 
34850 0 3 0021e 000007f8 
34915 0 1 0001e 00000000 
34979 4 3 0001e 0000000f 
34982 0 1 0001f 00000000 
35046 4 3 0001f 00000010 
35088 0 2 0021f 00000000 
35152 4 3 0021f 00000000 
35182 0 1 00020 00000000 
35246 4 3 00020 00000001 
35249 0 1 00021 00000000 
35313 4 3 00021 00000002 
35316 0 1 00022 00000000 
35380 4 3 00022 00000003 
35383 0 1 00023 00000000 
35447 4 3 00023 00000004 
35451 0 1 00110 00000000 
35515 4 3 00110 00000001 
35518 0 1 00120 00000000 
35582 4 3 00120 00000001 
35623 0 1 00024 00000000 
35687 4 3 00024 00000005 
35690 0 1 00025 00000000 
35754 4 3 00025 00000006 
35757 0 1 00026 00000000 
35821 4 3 00026 00000007 
35824 0 1 00027 00000000 
35888 4 3 00027 00000008 
35932 0 1 00028 00000000 
35996 4 3 00028 00000009 
35999 0 1 00029 00000000 
36063 4 3 00029 0000000a 
36066 0 1 0002a 00000000 
36130 4 3 0002a 0000000b 
36133 0 1 0002b 00000000 
36197 4 3 0002b 0000000c 
36241 0 1 0002c 00000000 
36305 4 3 0002c 0000000d 
36308 0 1 0002d 00000000 
36372 4 3 0002d 0000000e 
36375 0 1 0002e 00000000 
36439 4 3 0002e 0000000f 
36442 0 1 0002f 00000000 
36506 4 3 0002f 00000010 
36548 0 2 00220 00000000 
36612 4 3 00220 00000000 
36634 0 3 00220 00000088 
36699 0 1 00020 00000000 
36763 4 3 00020 00000001 
36770 0 1 00111 00000000 
36834 4 3 00111 00000002 
36837 0 1 00121 00000000 
36901 4 3 00121 00000002 
37075 0 2 00221 00000000 
37139 4 3 00221 00000000 
37162 0 3 00221 00000110 
37227 0 1 00021 00000000 
37291 4 3 00021 00000002 
37297 0 1 00112 00000000 
37361 4 3 00112 00000003 
37364 0 1 00122 00000000 
37428 4 3 00122 00000003 
37602 0 2 00222 00000000 
37666 4 3 00222 00000000 
37690 0 3 00222 00000198 
37755 0 1 00022 00000000 
37819 4 3 00022 00000003 
37824 0 1 00113 00000000 
37888 4 3 00113 00000004 
37891 0 1 00123 00000000 
37955 4 3 00123 00000004 
38129 0 2 00223 00000000 
38193 4 3 00223 00000000 
38218 0 3 00223 00000220 
38283 0 1 00023 00000000 
38347 4 3 00023 00000004 
38351 0 1 00114 00000000 
38415 4 3 00114 00000005 
38418 0 1 00124 00000000 
38482 4 3 00124 00000005 
38523 0 1 00024 00000000 
38587 4 3 00024 00000005 
38722 0 2 00224 00000000 
38786 4 3 00224 00000000 
38813 0 1 00115 00000000 
38877 4 3 00115 00000006 
38880 0 1 00125 00000000 
38944 4 3 00125 00000006 
38985 0 3 00224 000002a8 
39050 0 1 00024 00000000 
39114 4 3 00024 00000005 
39117 0 1 00025 00000000 
39181 4 3 00025 00000006 
39315 0 2 00225 00000000 
39379 4 3 00225 00000000 
39406 0 1 00116 00000000 
39470 4 3 00116 00000007 
39473 0 1 00126 00000000 
39537 4 3 00126 00000007 
39579 0 3 00225 00000330 
39644 0 1 00025 00000000 
39708 4 3 00025 00000006 
39711 0 1 00026 00000000 
39775 4 3 00026 00000007 
39908 0 2 00226 00000000 
39972 4 3 00226 00000000 
39999 0 1 00117 00000000 
40063 4 3 00117 00000008 
40066 0 1 00127 00000000 
40130 4 3 00127 00000008 
40173 0 3 00226 000003b8 
40238 0 1 00026 00000000 
40302 4 3 00026 00000007 
40305 0 1 00027 00000000 
40369 4 3 00027 00000008 
40501 0 2 00227 00000000 
40565 4 3 00227 00000000 
40592 0 1 00118 00000000 
40656 4 3 00118 00000009 
40659 0 1 00128 00000000 
40723 4 3 00128 00000009 
40767 0 3 00227 00000440 
40832 0 1 00027 00000000 
40896 4 3 00027 00000008 
40940 0 1 00028 00000000 
41004 4 3 00028 00000009 
41094 0 2 00228 00000000 
41158 4 3 00228 00000000 
41185 0 1 00119 00000000 
41249 4 3 00119 0000000a 
41252 0 1 00129 00000000 
41316 4 3 00129 0000000a 
41402 0 3 00228 000004c8 
41467 0 1 00028 00000000 
41531 4 3 00028 00000009 
41534 0 1 00029 00000000 
41598 4 3 00029 0000000a 
41687 0 2 00229 00000000 
41751 4 3 00229 00000000 
41778 0 1 0011a 00000000 
41842 4 3 0011a 0000000b 
41845 0 1 0012a 00000000 
41909 4 3 0012a 0000000b 
41996 0 3 00229 00000550 
42061 0 1 00029 00000000 
42125 4 3 00029 0000000a 
42128 0 1 0002a 00000000 
42192 4 3 0002a 0000000b 
42280 0 2 0022a 00000000 
42344 4 3 0022a 00000000 
42371 0 1 0011b 00000000 
42435 4 3 0011b 0000000c 
42438 0 1 0012b 00000000 
42502 4 3 0012b 0000000c 
42590 0 3 0022a 000005d8 
42655 0 1 0002a 00000000 
42719 4 3 0002a 0000000b 
42722 0 1 0002b 00000000 
42786 4 3 0002b 0000000c 
42873 0 2 0022b 00000000 
42937 4 3 0022b 00000000 
42964 0 1 0011c 00000000 
43028 4 3 0011c 0000000d 
43031 0 1 0012c 00000000 
43095 4 3 0012c 0000000d 
43184 0 3 0022b 00000660 
43249 0 1 0002b 00000000 
43313 4 3 0002b 0000000c 
43357 0 1 0002c 00000000 
43421 4 3 0002c 0000000d 
43466 0 2 0022c 00000000 
43530 4 3 0022c 00000000 
43557 0 1 0011d 00000000 
43621 4 3 0011d 0000000e 
43624 0 1 0012d 00000000 
43688 4 3 0012d 0000000e 
43819 0 3 0022c 000006e8 
43884 0 1 0002c 00000000 
43948 4 3 0002c 0000000d 
43951 0 1 0002d 00000000 
44015 4 3 0002d 0000000e 
44059 0 2 0022d 00000000 
44123 4 3 0022d 00000000 
44150 0 1 0011e 00000000 
44214 4 3 0011e 0000000f 
44217 0 1 0012e 00000000 
44281 4 3 0012e 0000000f 
44413 0 3 0022d 00000770 
44478 0 1 0002d 00000000 
44542 4 3 0002d 0000000e 
44545 0 1 0002e 00000000 
44609 4 3 0002e 0000000f 
44652 0 2 0022e 00000000 
44716 4 3 0022e 00000000 
44743 0 3 0021f 00000880 
44808 0 1 0011f 00000000 
44872 4 3 0011f 00000010 
44875 0 1 0012f 00000000 
44939 4 3 0012f 00000010 
45072 0 3 0022e 000007f8 
45137 0 1 0002e 00000000 
45201 4 3 0002e 0000000f 
45204 0 1 0002f 00000000 
45268 4 3 0002f 00000010 
45310 0 2 0022f 00000000 
45374 4 3 0022f 00000000 
45404 0 1 00030 00000000 
45468 4 3 00030 00000001 
45471 0 1 00031 00000000 
45535 4 3 00031 00000002 
45538 0 1 00032 00000000 
45602 4 3 00032 00000003 
45605 0 1 00033 00000000 
45669 4 3 00033 00000004 
45674 0 1 00120 00000000 
45738 4 3 00120 00000001 
45741 0 1 00130 00000000 
45805 4 3 00130 00000001 
45845 0 1 00034 00000000 
45909 4 3 00034 00000005 
45912 0 1 00035 00000000 
45976 4 3 00035 00000006 
45979 0 1 00036 00000000 
46043 4 3 00036 00000007 
46046 0 1 00037 00000000 
46110 4 3 00037 00000008 
46154 0 1 00038 00000000 
46218 4 3 00038 00000009 
46221 0 1 00039 00000000 
46285 4 3 00039 0000000a 
46288 0 1 0003a 00000000 
46352 4 3 0003a 0000000b 
46355 0 1 0003b 00000000 
46419 4 3 0003b 0000000c 
46463 0 1 0003c 00000000 
46527 4 3 0003c 0000000d 
46530 0 1 0003d 00000000 
46594 4 3 0003d 0000000e 
46597 0 1 0003e 00000000 
46661 4 3 0003e 0000000f 
46664 0 1 0003f 00000000 
46728 4 3 0003f 00000010 
46770 0 2 00230 00000000 
46834 4 3 00230 00000000 
46856 0 3 00230 00000088 
46921 0 1 00030 00000000 
46985 4 3 00030 00000001 
46993 0 1 00121 00000000 
47057 4 3 00121 00000002 
47060 0 1 00131 00000000 
47124 4 3 00131 00000002 
47297 0 2 00231 00000000 
47361 4 3 00231 00000000 
47384 0 3 00231 00000110 
47449 0 1 00031 00000000 
47513 4 3 00031 00000002 
47520 0 1 00122 00000000 
47584 4 3 00122 00000003 
47587 0 1 00132 00000000 
47651 4 3 00132 00000003 
47824 0 2 00232 00000000 
47888 4 3 00232 00000000 
47912 0 3 00232 00000198 
47977 0 1 00032 00000000 
48041 4 3 00032 00000003 
48047 0 1 00123 00000000 
48111 4 3 00123 00000004 
48114 0 1 00133 00000000 
48178 4 3 00133 00000004 
48351 0 2 00233 00000000 
48415 4 3 00233 00000000 
48440 0 3 00233 00000220 
48505 0 1 00033 00000000 
48569 4 3 00033 00000004 
48574 0 1 00124 00000000 
48638 4 3 00124 00000005 
48641 0 1 00134 00000000 
48705 4 3 00134 00000005 
48745 0 1 00034 00000000 
48809 4 3 00034 00000005 
48944 0 2 00234 00000000 
49008 4 3 00234 00000000 
49036 0 1 00125 00000000 
49100 4 3 00125 00000006 
49103 0 1 00135 00000000 
49167 4 3 00135 00000006 
49207 0 3 00234 000002a8 
49272 0 1 00034 00000000 
49336 4 3 00034 00000005 
49339 0 1 00035 00000000 
49403 4 3 00035 00000006 
49537 0 2 00235 00000000 
49601 4 3 00235 00000000 
49629 0 1 00126 00000000 
49693 4 3 00126 00000007 
49696 0 1 00136 00000000 
49760 4 3 00136 00000007 
49801 0 3 00235 00000330 
49866 0 1 00035 00000000 
49930 4 3 00035 00000006 
49933 0 1 00036 00000000 
49997 4 3 00036 00000007 
50130 0 2 00236 00000000 
50194 4 3 00236 00000000 
50222 0 1 00127 00000000 
50286 4 3 00127 00000008 
50289 0 1 00137 00000000 
50353 4 3 00137 00000008 
50395 0 3 00236 000003b8 
50460 0 1 00036 00000000 
50524 4 3 00036 00000007 
50527 0 1 00037 00000000 
50591 4 3 00037 00000008 
50723 0 2 00237 00000000 
50787 4 3 00237 00000000 
50815 0 1 00128 00000000 
50879 4 3 00128 00000009 
50882 0 1 00138 00000000 
50946 4 3 00138 00000009 
50989 0 3 00237 00000440 
51054 0 1 00037 00000000 
51118 4 3 00037 00000008 
51162 0 1 00038 00000000 
51226 4 3 00038 00000009 
51316 0 2 00238 00000000 
51380 4 3 00238 00000000 
51408 0 1 00129 00000000 
51472 4 3 00129 0000000a 
51475 0 1 00139 00000000 
51539 4 3 00139 0000000a 
51624 0 3 00238 000004c8 
51689 0 1 00038 00000000 
51753 4 3 00038 00000009 
51756 0 1 00039 00000000 
51820 4 3 00039 0000000a 
51909 0 2 00239 00000000 
51973 4 3 00239 00000000 
52001 0 1 0012a 00000000 
52065 4 3 0012a 0000000b 
52068 0 1 0013a 00000000 
52132 4 3 0013a 0000000b 
52218 0 3 00239 00000550 
52283 0 1 00039 00000000 
52347 4 3 00039 0000000a 
52350 0 1 0003a 00000000 
52414 4 3 0003a 0000000b 
52502 0 2 0023a 00000000 
52566 4 3 0023a 00000000 
52594 0 1 0012b 00000000 
52658 4 3 0012b 0000000c 
52661 0 1 0013b 00000000 
52725 4 3 0013b 0000000c 
52812 0 3 0023a 000005d8 
52877 0 1 0003a 00000000 
52941 4 3 0003a 0000000b 
52944 0 1 0003b 00000000 
53008 4 3 0003b 0000000c 
53095 0 2 0023b 00000000 
53159 4 3 0023b 00000000 
53187 0 1 0012c 00000000 
53251 4 3 0012c 0000000d 
53254 0 1 0013c 00000000 
53318 4 3 0013c 0000000d 
53406 0 3 0023b 00000660 
53471 0 1 0003b 00000000 
53535 4 3 0003b 0000000c 
53579 0 1 0003c 00000000 
53643 4 3 0003c 0000000d 
53688 0 2 0023c 00000000 
53752 4 3 0023c 00000000 
53780 0 1 0012d 00000000 
53844 4 3 0012d 0000000e 
53847 0 1 0013d 00000000 
53911 4 3 0013d 0000000e 
54041 0 3 0023c 000006e8 
54106 0 1 0003c 00000000 
54170 4 3 0003c 0000000d 
54173 0 1 0003d 00000000 
54237 4 3 0003d 0000000e 
54281 0 2 0023d 00000000 
54345 4 3 0023d 00000000 
54373 0 1 0012e 00000000 
54437 4 3 0012e 0000000f 
54440 0 1 0013e 00000000 
54504 4 3 0013e 0000000f 
54635 0 3 0023d 00000770 
54700 0 1 0003d 00000000 
54764 4 3 0003d 0000000e 
54767 0 1 0003e 00000000 
54831 4 3 0003e 0000000f 
54874 0 2 0023e 00000000 
54938 4 3 0023e 00000000 
54966 0 3 0022f 00000880 
55031 0 1 0012f 00000000 
55095 4 3 0012f 00000010 
55098 0 1 0013f 00000000 
55162 4 3 0013f 00000010 
55294 0 3 0023e 000007f8 
55359 0 1 0003e 00000000 
55423 4 3 0003e 0000000f 
55426 0 1 0003f 00000000 
55490 4 3 0003f 00000010 
55532 0 2 0023f 00000000 
55596 4 3 0023f 00000000 
55626 0 1 00040 00000000 
55690 4 3 00040 00000001 
55693 0 1 00041 00000000 
55757 4 3 00041 00000002 
55760 0 1 00042 00000000 
55824 4 3 00042 00000003 
55827 0 1 00043 00000000 
55891 4 3 00043 00000004 
55897 0 1 00130 00000000 
55961 4 3 00130 00000001 
56001 0 1 00044 00000000 
56065 4 3 00044 00000005 
56068 0 1 00045 00000000 
56132 4 3 00045 00000006 
56135 0 1 00046 00000000 
56199 4 3 00046 00000007 
56202 0 1 00047 00000000 
56266 4 3 00047 00000008 
56269 0 1 00140 00000000 
56333 4 3 00140 00000001 
56376 0 1 00048 00000000 
56440 4 3 00048 00000009 
56443 0 1 00049 00000000 
56507 4 3 00049 0000000a 
56510 0 1 0004a 00000000 
56574 4 3 0004a 0000000b 
56577 0 1 0004b 00000000 
56641 4 3 0004b 0000000c 
56685 0 1 0004c 00000000 
56749 4 3 0004c 0000000d 
56752 0 1 0004d 00000000 
56816 4 3 0004d 0000000e 
56819 0 1 0004e 00000000 
56883 4 3 0004e 0000000f 
56886 0 1 0004f 00000000 
56950 4 3 0004f 00000010 
56992 0 2 00240 00000000 
57056 4 3 00240 00000000 
57078 0 3 00240 00000088 
57143 0 1 00040 00000000 
57207 4 3 00040 00000001 
57216 0 1 00131 00000000 
57280 4 3 00131 00000002 
57324 0 1 00141 00000000 
57388 4 3 00141 00000002 
57519 0 2 00241 00000000 
57583 4 3 00241 00000000 
57606 0 3 00241 00000110 
57671 0 1 00041 00000000 
57735 4 3 00041 00000002 
57743 0 1 00132 00000000 
57807 4 3 00132 00000003 
57851 0 1 00142 00000000 
57915 4 3 00142 00000003 
58046 0 2 00242 00000000 
58110 4 3 00242 00000000 
58134 0 3 00242 00000198 
58199 0 1 00042 00000000 
58263 4 3 00042 00000003 
58270 0 1 00133 00000000 
58334 4 3 00133 00000004 
58378 0 1 00143 00000000 
58442 4 3 00143 00000004 
58573 0 2 00243 00000000 
58637 4 3 00243 00000000 
58662 0 3 00243 00000220 
58727 0 1 00043 00000000 
58791 4 3 00043 00000004 
58797 0 1 00134 00000000 
58861 4 3 00134 00000005 
58905 0 1 00144 00000000 
58969 4 3 00144 00000005 
59100 0 2 00244 00000000 
59164 4 3 00244 00000000 
59193 0 1 00135 00000000 
59257 4 3 00135 00000006 
59297 0 3 00244 000002a8 
59362 0 1 00044 00000000 
59426 4 3 00044 00000005 
59432 0 1 00145 00000000 
59496 4 3 00145 00000006 
59627 0 2 00245 00000000 
59691 4 3 00245 00000000 
59720 0 1 00136 00000000 
59784 4 3 00136 00000007 
59825 0 3 00245 00000330 
59890 0 1 00045 00000000 
59954 4 3 00045 00000006 
59959 0 1 00146 00000000 
60023 4 3 00146 00000007 
60154 0 2 00246 00000000 
60218 4 3 00246 00000000 
60247 0 1 00137 00000000 
60311 4 3 00137 00000008 
60353 0 3 00246 000003b8 
60418 0 1 00046 00000000 
60482 4 3 00046 00000007 
60486 0 1 00147 00000000 
60550 4 3 00147 00000008 
60681 0 2 00247 00000000 
60745 4 3 00247 00000000 
60774 0 1 00138 00000000 
60838 4 3 00138 00000009 
60881 0 3 00247 00000440 
60946 0 1 00047 00000000 
61010 4 3 00047 00000008 
61013 0 1 00148 00000000 
61077 4 3 00148 00000009 
61120 0 1 00048 00000000 
61184 4 3 00048 00000009 
61274 0 2 00248 00000000 
61338 4 3 00248 00000000 
61367 0 1 00139 00000000 
61431 4 3 00139 0000000a 
61475 0 1 00149 00000000 
61539 4 3 00149 0000000a 
61582 0 3 00248 000004c8 
61647 0 1 00048 00000000 
61711 4 3 00048 00000009 
61714 0 1 00049 00000000 
61778 4 3 00049 0000000a 
61867 0 2 00249 00000000 
61931 4 3 00249 00000000 
61960 0 1 0013a 00000000 
62024 4 3 0013a 0000000b 
62068 0 1 0014a 00000000 
62132 4 3 0014a 0000000b 
62176 0 3 00249 00000550 
62241 0 1 00049 00000000 
62305 4 3 00049 0000000a 
62308 0 1 0004a 00000000 
62372 4 3 0004a 0000000b 
62460 0 2 0024a 00000000 
62524 4 3 0024a 00000000 
62553 0 1 0013b 00000000 
62617 4 3 0013b 0000000c 
62661 0 1 0014b 00000000 
62725 4 3 0014b 0000000c 
62770 0 3 0024a 000005d8 
62835 0 1 0004a 00000000 
62899 4 3 0004a 0000000b 
62902 0 1 0004b 00000000 
62966 4 3 0004b 0000000c 
63053 0 2 0024b 00000000 
63117 4 3 0024b 00000000 
63146 0 1 0013c 00000000 
63210 4 3 0013c 0000000d 
63254 0 1 0014c 00000000 
63318 4 3 0014c 0000000d 
63364 0 3 0024b 00000660 
63429 0 1 0004b 00000000 
63493 4 3 0004b 0000000c 
63537 0 1 0004c 00000000 
63601 4 3 0004c 0000000d 
63646 0 2 0024c 00000000 
63710 4 3 0024c 00000000 
63739 0 1 0013d 00000000 
63803 4 3 0013d 0000000e 
63847 0 1 0014d 00000000 
63911 4 3 0014d 0000000e 
63999 0 3 0024c 000006e8 
64064 0 1 0004c 00000000 
64128 4 3 0004c 0000000d 
64131 0 1 0004d 00000000 
64195 4 3 0004d 0000000e 
64239 0 2 0024d 00000000 
64303 4 3 0024d 00000000 
64332 0 1 0013e 00000000 
64396 4 3 0013e 0000000f 
64440 0 1 0014e 00000000 
64504 4 3 0014e 0000000f 
64593 0 3 0024d 00000770 
64658 0 1 0004d 00000000 
64722 4 3 0004d 0000000e 
64725 0 1 0004e 00000000 
64789 4 3 0004e 0000000f 
64832 0 2 0024e 00000000 
64896 4 3 0024e 00000000 
64925 0 3 0023f 00000880 
64990 0 1 0013f 00000000 
65054 4 3 0013f 00000010 
65098 0 1 0014f 00000000 
65162 4 3 0014f 00000010 
65252 0 3 0024e 000007f8 
65317 0 1 0004e 00000000 
65381 4 3 0004e 0000000f 
65384 0 1 0004f 00000000 
65448 4 3 0004f 00000010 
65490 0 2 0024f 00000000 
65554 4 3 0024f 00000000 
65584 0 1 00050 00000000 
65648 4 3 00050 00000001 
65651 0 1 00051 00000000 
65715 4 3 00051 00000002 
65718 0 1 00052 00000000 
65782 4 3 00052 00000003 
65785 0 1 00053 00000000 
65849 4 3 00053 00000004 
65893 0 1 00054 00000000 
65957 4 3 00054 00000005 
65960 0 1 00055 00000000 
66024 4 3 00055 00000006 
66027 0 1 00056 00000000 
66091 4 3 00056 00000007 
66094 0 1 00057 00000000 
66158 4 3 00057 00000008 
66161 0 1 00140 00000000 
66225 4 3 00140 00000001 
66228 0 1 00150 00000000 
66292 4 3 00150 00000001 
66334 0 1 00058 00000000 
66398 4 3 00058 00000009 
66401 0 1 00059 00000000 
66465 4 3 00059 0000000a 
66468 0 1 0005a 00000000 
66532 4 3 0005a 0000000b 
66535 0 1 0005b 00000000 
66599 4 3 0005b 0000000c 
66643 0 1 0005c 00000000 
66707 4 3 0005c 0000000d 
66710 0 1 0005d 00000000 
66774 4 3 0005d 0000000e 
66777 0 1 0005e 00000000 
66841 4 3 0005e 0000000f 
66844 0 1 0005f 00000000 
66908 4 3 0005f 00000010 
66950 0 2 00250 00000000 
67014 4 3 00250 00000000 
67036 0 3 00250 00000088 
67101 0 1 00050 00000000 
67165 4 3 00050 00000001 
67216 0 1 00141 00000000 
67280 4 3 00141 00000002 
67283 0 1 00151 00000000 
67347 4 3 00151 00000002 
67477 0 2 00251 00000000 
67541 4 3 00251 00000000 
67564 0 3 00251 00000110 
67629 0 1 00051 00000000 
67693 4 3 00051 00000002 
67743 0 1 00142 00000000 
67807 4 3 00142 00000003 
67810 0 1 00152 00000000 
67874 4 3 00152 00000003 
68004 0 2 00252 00000000 
68068 4 3 00252 00000000 
68092 0 3 00252 00000198 
68157 0 1 00052 00000000 
68221 4 3 00052 00000003 
68270 0 1 00143 00000000 
68334 4 3 00143 00000004 
68337 0 1 00153 00000000 
68401 4 3 00153 00000004 
68531 0 2 00253 00000000 
68595 4 3 00253 00000000 
68620 0 3 00253 00000220 
68685 0 1 00053 00000000 
68749 4 3 00053 00000004 
68797 0 1 00144 00000000 
68861 4 3 00144 00000005 
68864 0 1 00154 00000000 
68928 4 3 00154 00000005 
69058 0 2 00254 00000000 
69122 4 3 00254 00000000 
69189 0 3 00254 000002a8 
69254 0 1 00054 00000000 
69318 4 3 00054 00000005 
69324 0 1 00145 00000000 
69388 4 3 00145 00000006 
69391 0 1 00155 00000000 
69455 4 3 00155 00000006 
69585 0 2 00255 00000000 
69649 4 3 00255 00000000 
69717 0 3 00255 00000330 
69782 0 1 00055 00000000 
69846 4 3 00055 00000006 
69851 0 1 00146 00000000 
69915 4 3 00146 00000007 
69918 0 1 00156 00000000 
69982 4 3 00156 00000007 
70112 0 2 00256 00000000 
70176 4 3 00256 00000000 
70245 0 3 00256 000003b8 
70310 0 1 00056 00000000 
70374 4 3 00056 00000007 
70378 0 1 00147 00000000 
70442 4 3 00147 00000008 
70445 0 1 00157 00000000 
70509 4 3 00157 00000008 
70639 0 2 00257 00000000 
70703 4 3 00257 00000000 
70773 0 3 00257 00000440 
70838 0 1 00057 00000000 
70902 4 3 00057 00000008 
70905 0 1 00148 00000000 
70969 4 3 00148 00000009 
70972 0 1 00158 00000000 
71036 4 3 00158 00000009 
71078 0 1 00058 00000000 
71142 4 3 00058 00000009 
71232 0 2 00258 00000000 
71296 4 3 00258 00000000 
71367 0 1 00149 00000000 
71431 4 3 00149 0000000a 
71434 0 1 00159 00000000 
71498 4 3 00159 0000000a 
71540 0 3 00258 000004c8 
71605 0 1 00058 00000000 
71669 4 3 00058 00000009 
71672 0 1 00059 00000000 
71736 4 3 00059 0000000a 
71825 0 2 00259 00000000 
71889 4 3 00259 00000000 
71960 0 1 0014a 00000000 
72024 4 3 0014a 0000000b 
72027 0 1 0015a 00000000 
72091 4 3 0015a 0000000b 
72134 0 3 00259 00000550 
72199 0 1 00059 00000000 
72263 4 3 00059 0000000a 
72266 0 1 0005a 00000000 
72330 4 3 0005a 0000000b 
72418 0 2 0025a 00000000 
72482 4 3 0025a 00000000 
72553 0 1 0014b 00000000 
72617 4 3 0014b 0000000c 
72620 0 1 0015b 00000000 
72684 4 3 0015b 0000000c 
72728 0 3 0025a 000005d8 
72793 0 1 0005a 00000000 
72857 4 3 0005a 0000000b 
72860 0 1 0005b 00000000 
72924 4 3 0005b 0000000c 
73011 0 2 0025b 00000000 
73075 4 3 0025b 00000000 
73146 0 1 0014c 00000000 
73210 4 3 0014c 0000000d 
73213 0 1 0015c 00000000 
73277 4 3 0015c 0000000d 
73322 0 3 0025b 00000660 
73387 0 1 0005b 00000000 
73451 4 3 0005b 0000000c 
73495 0 1 0005c 00000000 
73559 4 3 0005c 0000000d 
73604 0 2 0025c 00000000 
73668 4 3 0025c 00000000 
73739 0 1 0014d 00000000 
73803 4 3 0014d 0000000e 
73806 0 1 0015d 00000000 
73870 4 3 0015d 0000000e 
73957 0 3 0025c 000006e8 
74022 0 1 0005c 00000000 
74086 4 3 0005c 0000000d 
74089 0 1 0005d 00000000 
74153 4 3 0005d 0000000e 
74197 0 2 0025d 00000000 
74261 4 3 0025d 00000000 
74332 0 1 0014e 00000000 
74396 4 3 0014e 0000000f 
74399 0 1 0015e 00000000 
74463 4 3 0015e 0000000f 
74551 0 3 0025d 00000770 
74616 0 1 0005d 00000000 
74680 4 3 0005d 0000000e 
74683 0 1 0005e 00000000 
74747 4 3 0005e 0000000f 
74790 0 2 0025e 00000000 
74854 4 3 0025e 00000000 
74925 0 3 0024f 00000880 
74990 0 1 0014f 00000000 
75054 4 3 0014f 00000010 
75057 0 1 0015f 00000000 
75121 4 3 0015f 00000010 
75210 0 3 0025e 000007f8 
75275 0 1 0005e 00000000 
75339 4 3 0005e 0000000f 
75342 0 1 0005f 00000000 
75406 4 3 0005f 00000010 
75448 0 2 0025f 00000000 
75512 4 3 0025f 00000000 
75542 0 1 00060 00000000 
75606 4 3 00060 00000001 
75609 0 1 00061 00000000 
75673 4 3 00061 00000002 
75676 0 1 00062 00000000 
75740 4 3 00062 00000003 
75743 0 1 00063 00000000 
75807 4 3 00063 00000004 
75851 0 1 00064 00000000 
75915 4 3 00064 00000005 
75918 0 1 00065 00000000 
75982 4 3 00065 00000006 
75985 0 1 00066 00000000 
76049 4 3 00066 00000007 
76052 0 1 00067 00000000 
76116 4 3 00067 00000008 
76120 0 1 00150 00000000 
76184 4 3 00150 00000001 
76187 0 1 00160 00000000 
76251 4 3 00160 00000001 
76292 0 1 00068 00000000 
76356 4 3 00068 00000009 
76359 0 1 00069 00000000 
76423 4 3 00069 0000000a 
76426 0 1 0006a 00000000 
76490 4 3 0006a 0000000b 
76493 0 1 0006b 00000000 
76557 4 3 0006b 0000000c 
76601 0 1 0006c 00000000 
76665 4 3 0006c 0000000d 
76668 0 1 0006d 00000000 
76732 4 3 0006d 0000000e 
76735 0 1 0006e 00000000 
76799 4 3 0006e 0000000f 
76802 0 1 0006f 00000000 
76866 4 3 0006f 00000010 
76908 0 2 00260 00000000 
76972 4 3 00260 00000000 
76994 0 3 00260 00000088 
77059 0 1 00060 00000000 
77123 4 3 00060 00000001 
77175 0 1 00151 00000000 
77239 4 3 00151 00000002 
77242 0 1 00161 00000000 
77306 4 3 00161 00000002 
77435 0 2 00261 00000000 
77499 4 3 00261 00000000 
77522 0 3 00261 00000110 
77587 0 1 00061 00000000 
77651 4 3 00061 00000002 
77702 0 1 00152 00000000 
77766 4 3 00152 00000003 
77769 0 1 00162 00000000 
77833 4 3 00162 00000003 
77962 0 2 00262 00000000 
78026 4 3 00262 00000000 
78050 0 3 00262 00000198 
78115 0 1 00062 00000000 
78179 4 3 00062 00000003 
78229 0 1 00153 00000000 
78293 4 3 00153 00000004 
78296 0 1 00163 00000000 
78360 4 3 00163 00000004 
78489 0 2 00263 00000000 
78553 4 3 00263 00000000 
78578 0 3 00263 00000220 
78643 0 1 00063 00000000 
78707 4 3 00063 00000004 
78756 0 1 00154 00000000 
78820 4 3 00154 00000005 
78823 0 1 00164 00000000 
78887 4 3 00164 00000005 
79016 0 2 00264 00000000 
79080 4 3 00264 00000000 
79147 0 3 00264 000002a8 
79212 0 1 00064 00000000 
79276 4 3 00064 00000005 
79283 0 1 00155 00000000 
79347 4 3 00155 00000006 
79350 0 1 00165 00000000 
79414 4 3 00165 00000006 
79543 0 2 00265 00000000 
79607 4 3 00265 00000000 
79675 0 3 00265 00000330 
79740 0 1 00065 00000000 
79804 4 3 00065 00000006 
79810 0 1 00156 00000000 
79874 4 3 00156 00000007 
79877 0 1 00166 00000000 
79941 4 3 00166 00000007 
80070 0 2 00266 00000000 
80134 4 3 00266 00000000 
80203 0 3 00266 000003b8 
80268 0 1 00066 00000000 
80332 4 3 00066 00000007 
80337 0 1 00157 00000000 
80401 4 3 00157 00000008 
80404 0 1 00167 00000000 
80468 4 3 00167 00000008 
80597 0 2 00267 00000000 
80661 4 3 00267 00000000 
80731 0 3 00267 00000440 
80796 0 1 00067 00000000 
80860 4 3 00067 00000008 
80864 0 1 00158 00000000 
80928 4 3 00158 00000009 
80931 0 1 00168 00000000 
80995 4 3 00168 00000009 
81036 0 1 00068 00000000 
81100 4 3 00068 00000009 
81190 0 2 00268 00000000 
81254 4 3 00268 00000000 
81326 0 1 00159 00000000 
81390 4 3 00159 0000000a 
81393 0 1 00169 00000000 
81457 4 3 00169 0000000a 
81498 0 3 00268 000004c8 
81563 0 1 00068 00000000 
81627 4 3 00068 00000009 
81630 0 1 00069 00000000 
81694 4 3 00069 0000000a 
81783 0 2 00269 00000000 
81847 4 3 00269 00000000 
81919 0 1 0015a 00000000 
81983 4 3 0015a 0000000b 
81986 0 1 0016a 00000000 
82050 4 3 0016a 0000000b 
82092 0 3 00269 00000550 
82157 0 1 00069 00000000 
82221 4 3 00069 0000000a 
82224 0 1 0006a 00000000 
82288 4 3 0006a 0000000b 
82376 0 2 0026a 00000000 
82440 4 3 0026a 00000000 
82512 0 1 0015b 00000000 
82576 4 3 0015b 0000000c 
82579 0 1 0016b 00000000 
82643 4 3 0016b 0000000c 
82686 0 3 0026a 000005d8 
82751 0 1 0006a 00000000 
82815 4 3 0006a 0000000b 
82818 0 1 0006b 00000000 
82882 4 3 0006b 0000000c 
82969 0 2 0026b 00000000 
83033 4 3 0026b 00000000 
83105 0 1 0015c 00000000 
83169 4 3 0015c 0000000d 
83172 0 1 0016c 00000000 
83236 4 3 0016c 0000000d 
83280 0 3 0026b 00000660 
83345 0 1 0006b 00000000 
83409 4 3 0006b 0000000c 
83453 0 1 0006c 00000000 
83517 4 3 0006c 0000000d 
83562 0 2 0026c 00000000 
83626 4 3 0026c 00000000 
83698 0 1 0015d 00000000 
83762 4 3 0015d 0000000e 
83765 0 1 0016d 00000000 
83829 4 3 0016d 0000000e 
83915 0 3 0026c 000006e8 
83980 0 1 0006c 00000000 
84044 4 3 0006c 0000000d 
84047 0 1 0006d 00000000 
84111 4 3 0006d 0000000e 
84155 0 2 0026d 00000000 
84219 4 3 0026d 00000000 
84291 0 1 0015e 00000000 
84355 4 3 0015e 0000000f 
84358 0 1 0016e 00000000 
84422 4 3 0016e 0000000f 
84509 0 3 0026d 00000770 
84574 0 1 0006d 00000000 
84638 4 3 0006d 0000000e 
84641 0 1 0006e 00000000 
84705 4 3 0006e 0000000f 
84748 0 2 0026e 00000000 
84812 4 3 0026e 00000000 
84884 0 3 0025f 00000880 
84949 0 1 0015f 00000000 
85013 4 3 0015f 00000010 
85016 0 1 0016f 00000000 
85080 4 3 0016f 00000010 
85168 0 3 0026e 000007f8 
85233 0 1 0006e 00000000 
85297 4 3 0006e 0000000f 
85300 0 1 0006f 00000000 
85364 4 3 0006f 00000010 
85406 0 2 0026f 00000000 
85470 4 3 0026f 00000000 
85500 0 1 00070 00000000 
85564 4 3 00070 00000001 
85567 0 1 00071 00000000 
85631 4 3 00071 00000002 
85634 0 1 00072 00000000 
85698 4 3 00072 00000003 
85701 0 1 00073 00000000 
85765 4 3 00073 00000004 
85809 0 1 00074 00000000 
85873 4 3 00074 00000005 
85876 0 1 00075 00000000 
85940 4 3 00075 00000006 
85943 0 1 00076 00000000 
86007 4 3 00076 00000007 
86010 0 1 00077 00000000 
86074 4 3 00077 00000008 
86079 0 1 00160 00000000 
86143 4 3 00160 00000001 
86146 0 1 00170 00000000 
86210 4 3 00170 00000001 
86250 0 1 00078 00000000 
86314 4 3 00078 00000009 
86317 0 1 00079 00000000 
86381 4 3 00079 0000000a 
86384 0 1 0007a 00000000 
86448 4 3 0007a 0000000b 
86451 0 1 0007b 00000000 
86515 4 3 0007b 0000000c 
86559 0 1 0007c 00000000 
86623 4 3 0007c 0000000d 
86626 0 1 0007d 00000000 
86690 4 3 0007d 0000000e 
86693 0 1 0007e 00000000 
86757 4 3 0007e 0000000f 
86760 0 1 0007f 00000000 
86824 4 3 0007f 00000010 
86866 0 2 00270 00000000 
86930 4 3 00270 00000000 
86952 0 3 00270 00000088 
87017 0 1 00070 00000000 
87081 4 3 00070 00000001 
87134 0 1 00161 00000000 
87198 4 3 00161 00000002 
87201 0 1 00171 00000000 
87265 4 3 00171 00000002 
87393 0 2 00271 00000000 
87457 4 3 00271 00000000 
87480 0 3 00271 00000110 
87545 0 1 00071 00000000 
87609 4 3 00071 00000002 
87661 0 1 00162 00000000 
87725 4 3 00162 00000003 
87728 0 1 00172 00000000 
87792 4 3 00172 00000003 
87920 0 2 00272 00000000 
87984 4 3 00272 00000000 
88008 0 3 00272 00000198 
88073 0 1 00072 00000000 
88137 4 3 00072 00000003 
88188 0 1 00163 00000000 
88252 4 3 00163 00000004 
88255 0 1 00173 00000000 
88319 4 3 00173 00000004 
88447 0 2 00273 00000000 
88511 4 3 00273 00000000 
88536 0 3 00273 00000220 
88601 0 1 00073 00000000 
88665 4 3 00073 00000004 
88715 0 1 00164 00000000 
88779 4 3 00164 00000005 
88782 0 1 00174 00000000 
88846 4 3 00174 00000005 
88974 0 2 00274 00000000 
89038 4 3 00274 00000000 
89105 0 3 00274 000002a8 
89170 0 1 00074 00000000 
89234 4 3 00074 00000005 
89242 0 1 00165 00000000 
89306 4 3 00165 00000006 
89309 0 1 00175 00000000 
89373 4 3 00175 00000006 
89501 0 2 00275 00000000 
89565 4 3 00275 00000000 
89633 0 3 00275 00000330 
89698 0 1 00075 00000000 
89762 4 3 00075 00000006 
89769 0 1 00166 00000000 
89833 4 3 00166 00000007 
89836 0 1 00176 00000000 
89900 4 3 00176 00000007 
90028 0 2 00276 00000000 
90092 4 3 00276 00000000 
90161 0 3 00276 000003b8 
90226 0 1 00076 00000000 
90290 4 3 00076 00000007 
90296 0 1 00167 00000000 
90360 4 3 00167 00000008 
90363 0 1 00177 00000000 
90427 4 3 00177 00000008 
90555 0 2 00277 00000000 
90619 4 3 00277 00000000 
90689 0 3 00277 00000440 
90754 0 1 00077 00000000 
90818 4 3 00077 00000008 
90823 0 1 00168 00000000 
90887 4 3 00168 00000009 
90890 0 1 00178 00000000 
90954 4 3 00178 00000009 
90994 0 1 00078 00000000 
91058 4 3 00078 00000009 
91148 0 2 00278 00000000 
91212 4 3 00278 00000000 
91285 0 1 00169 00000000 
91349 4 3 00169 0000000a 
91352 0 1 00179 00000000 
91416 4 3 00179 0000000a 
91456 0 3 00278 000004c8 
91521 0 1 00078 00000000 
91585 4 3 00078 00000009 
91588 0 1 00079 00000000 
91652 4 3 00079 0000000a 
91741 0 2 00279 00000000 
91805 4 3 00279 00000000 
91878 0 1 0016a 00000000 
91942 4 3 0016a 0000000b 
91945 0 1 0017a 00000000 
92009 4 3 0017a 0000000b 
92050 0 3 00279 00000550 
92115 0 1 00079 00000000 
92179 4 3 00079 0000000a 
92182 0 1 0007a 00000000 
92246 4 3 0007a 0000000b 
92334 0 2 0027a 00000000 
92398 4 3 0027a 00000000 
92471 0 1 0016b 00000000 
92535 4 3 0016b 0000000c 
92538 0 1 0017b 00000000 
92602 4 3 0017b 0000000c 
92644 0 3 0027a 000005d8 
92709 0 1 0007a 00000000 
92773 4 3 0007a 0000000b 
92776 0 1 0007b 00000000 
92840 4 3 0007b 0000000c 
92927 0 2 0027b 00000000 
92991 4 3 0027b 00000000 
93064 0 1 0016c 00000000 
93128 4 3 0016c 0000000d 
93131 0 1 0017c 00000000 
93195 4 3 0017c 0000000d 
93238 0 3 0027b 00000660 
93303 0 1 0007b 00000000 
93367 4 3 0007b 0000000c 
93411 0 1 0007c 00000000 
93475 4 3 0007c 0000000d 
93520 0 2 0027c 00000000 
93584 4 3 0027c 00000000 
93657 0 1 0016d 00000000 
93721 4 3 0016d 0000000e 
93724 0 1 0017d 00000000 
93788 4 3 0017d 0000000e 
93873 0 3 0027c 000006e8 
93938 0 1 0007c 00000000 
94002 4 3 0007c 0000000d 
94005 0 1 0007d 00000000 
94069 4 3 0007d 0000000e 
94113 0 2 0027d 00000000 
94177 4 3 0027d 00000000 
94250 0 1 0016e 00000000 
94314 4 3 0016e 0000000f 
94317 0 1 0017e 00000000 
94381 4 3 0017e 0000000f 
94467 0 3 0027d 00000770 
94532 0 1 0007d 00000000 
94596 4 3 0007d 0000000e 
94599 0 1 0007e 00000000 
94663 4 3 0007e 0000000f 
94706 0 2 0027e 00000000 
94770 4 3 0027e 00000000 
94843 0 3 0026f 00000880 
94908 0 1 0016f 00000000 
94972 4 3 0016f 00000010 
94975 0 1 0017f 00000000 
95039 4 3 0017f 00000010 
95126 0 3 0027e 000007f8 
95191 0 1 0007e 00000000 
95255 4 3 0007e 0000000f 
95258 0 1 0007f 00000000 
95322 4 3 0007f 00000010 
95364 0 2 0027f 00000000 
95428 4 3 0027f 00000000 
95458 0 1 00080 00000000 
95522 4 3 00080 00000001 
95525 0 1 00081 00000000 
95589 4 3 00081 00000002 
95592 0 1 00082 00000000 
95656 4 3 00082 00000003 
95659 0 1 00083 00000000 
95723 4 3 00083 00000004 
95767 0 1 00084 00000000 
95831 4 3 00084 00000005 
95834 0 1 00085 00000000 
95898 4 3 00085 00000006 
95901 0 1 00086 00000000 
95965 4 3 00086 00000007 
95968 0 1 00087 00000000 
96032 4 3 00087 00000008 
96038 0 1 00170 00000000 
96102 4 3 00170 00000001 
96142 0 1 00088 00000000 
96206 4 3 00088 00000009 
96209 0 1 00089 00000000 
96273 4 3 00089 0000000a 
96276 0 1 0008a 00000000 
96340 4 3 0008a 0000000b 
96343 0 1 0008b 00000000 
96407 4 3 0008b 0000000c 
96410 0 1 00180 00000000 
96474 4 3 00180 00000001 
96517 0 1 0008c 00000000 
96581 4 3 0008c 0000000d 
96584 0 1 0008d 00000000 
96648 4 3 0008d 0000000e 
96651 0 1 0008e 00000000 
96715 4 3 0008e 0000000f 
96718 0 1 0008f 00000000 
96782 4 3 0008f 00000010 
96824 0 2 00280 00000000 
96888 4 3 00280 00000000 
96910 0 3 00280 00000088 
96975 0 1 00080 00000000 
97039 4 3 00080 00000001 
97093 0 1 00171 00000000 
97157 4 3 00171 00000002 
97201 0 1 00181 00000000 
97265 4 3 00181 00000002 
97351 0 2 00281 00000000 
97415 4 3 00281 00000000 
97438 0 3 00281 00000110 
97503 0 1 00081 00000000 
97567 4 3 00081 00000002 
97620 0 1 00172 00000000 
97684 4 3 00172 00000003 
97728 0 1 00182 00000000 
97792 4 3 00182 00000003 
97878 0 2 00282 00000000 
97942 4 3 00282 00000000 
97966 0 3 00282 00000198 
98031 0 1 00082 00000000 
98095 4 3 00082 00000003 
98147 0 1 00173 00000000 
98211 4 3 00173 00000004 
98255 0 1 00183 00000000 
98319 4 3 00183 00000004 
98405 0 2 00283 00000000 
98469 4 3 00283 00000000 
98494 0 3 00283 00000220 
98559 0 1 00083 00000000 
98623 4 3 00083 00000004 
98674 0 1 00174 00000000 
98738 4 3 00174 00000005 
98782 0 1 00184 00000000 
98846 4 3 00184 00000005 
98932 0 2 00284 00000000 
98996 4 3 00284 00000000 
99063 0 3 00284 000002a8 
99128 0 1 00084 00000000 
99192 4 3 00084 00000005 
99201 0 1 00175 00000000 
99265 4 3 00175 00000006 
99309 0 1 00185 00000000 
99373 4 3 00185 00000006 
99459 0 2 00285 00000000 
99523 4 3 00285 00000000 
99591 0 3 00285 00000330 
99656 0 1 00085 00000000 
99720 4 3 00085 00000006 
99728 0 1 00176 00000000 
99792 4 3 00176 00000007 
99836 0 1 00186 00000000 
99900 4 3 00186 00000007 
99986 0 2 00286 00000000 
100050 4 3 00286 00000000 
100119 0 3 00286 000003b8 
100184 0 1 00086 00000000 
100248 4 3 00086 00000007 
100255 0 1 00177 00000000 
100319 4 3 00177 00000008 
100363 0 1 00187 00000000 
100427 4 3 00187 00000008 
100513 0 2 00287 00000000 
100577 4 3 00287 00000000 
100647 0 3 00287 00000440 
100712 0 1 00087 00000000 
100776 4 3 00087 00000008 
100782 0 1 00178 00000000 
100846 4 3 00178 00000009 
100890 0 1 00188 00000000 
100954 4 3 00188 00000009 
101040 0 2 00288 00000000 
101104 4 3 00288 00000000 
101178 0 1 00179 00000000 
101242 4 3 00179 0000000a 
101282 0 3 00288 000004c8 
101347 0 1 00088 00000000 
101411 4 3 00088 00000009 
101417 0 1 00189 00000000 
101481 4 3 00189 0000000a 
101567 0 2 00289 00000000 
101631 4 3 00289 00000000 
101705 0 1 0017a 00000000 
101769 4 3 0017a 0000000b 
101810 0 3 00289 00000550 
101875 0 1 00089 00000000 
101939 4 3 00089 0000000a 
101944 0 1 0018a 00000000 
102008 4 3 0018a 0000000b 
102094 0 2 0028a 00000000 
102158 4 3 0028a 00000000 
102232 0 1 0017b 00000000 
102296 4 3 0017b 0000000c 
102338 0 3 0028a 000005d8 
102403 0 1 0008a 00000000 
102467 4 3 0008a 0000000b 
102471 0 1 0018b 00000000 
102535 4 3 0018b 0000000c 
102621 0 2 0028b 00000000 
102685 4 3 0028b 00000000 
102759 0 1 0017c 00000000 
102823 4 3 0017c 0000000d 
102866 0 3 0028b 00000660 
102931 0 1 0008b 00000000 
102995 4 3 0008b 0000000c 
102998 0 1 0018c 00000000 
103062 4 3 0018c 0000000d 
103105 0 1 0008c 00000000 
103169 4 3 0008c 0000000d 
103214 0 2 0028c 00000000 
103278 4 3 0028c 00000000 
103352 0 1 0017d 00000000 
103416 4 3 0017d 0000000e 
103460 0 1 0018d 00000000 
103524 4 3 0018d 0000000e 
103567 0 3 0028c 000006e8 
103632 0 1 0008c 00000000 
103696 4 3 0008c 0000000d 
103699 0 1 0008d 00000000 
103763 4 3 0008d 0000000e 
103807 0 2 0028d 00000000 
103871 4 3 0028d 00000000 
103945 0 1 0017e 00000000 
104009 4 3 0017e 0000000f 
104053 0 1 0018e 00000000 
104117 4 3 0018e 0000000f 
104161 0 3 0028d 00000770 
104226 0 1 0008d 00000000 
104290 4 3 0008d 0000000e 
104293 0 1 0008e 00000000 
104357 4 3 0008e 0000000f 
104400 0 2 0028e 00000000 
104464 4 3 0028e 00000000 
104538 0 3 0027f 00000880 
104603 0 1 0017f 00000000 
104667 4 3 0017f 00000010 
104711 0 1 0018f 00000000 
104775 4 3 0018f 00000010 
104820 0 3 0028e 000007f8 
104885 0 1 0008e 00000000 
104949 4 3 0008e 0000000f 
104952 0 1 0008f 00000000 
105016 4 3 0008f 00000010 
105058 0 2 0028f 00000000 
105122 4 3 0028f 00000000 
105152 0 1 00090 00000000 
105216 4 3 00090 00000001 
105219 0 1 00091 00000000 
105283 4 3 00091 00000002 
105286 0 1 00092 00000000 
105350 4 3 00092 00000003 
105353 0 1 00093 00000000 
105417 4 3 00093 00000004 
105461 0 1 00094 00000000 
105525 4 3 00094 00000005 
105528 0 1 00095 00000000 
105592 4 3 00095 00000006 
105595 0 1 00096 00000000 
105659 4 3 00096 00000007 
105662 0 1 00097 00000000 
105726 4 3 00097 00000008 
105770 0 1 00098 00000000 
105834 4 3 00098 00000009 
105837 0 1 00099 00000000 
105901 4 3 00099 0000000a 
105904 0 1 0009a 00000000 
105968 4 3 0009a 0000000b 
105971 0 1 0009b 00000000 
106035 4 3 0009b 0000000c 
106038 0 1 00180 00000000 
106102 4 3 00180 00000001 
106105 0 1 00190 00000000 
106169 4 3 00190 00000001 
106211 0 1 0009c 00000000 
106275 4 3 0009c 0000000d 
106278 0 1 0009d 00000000 
106342 4 3 0009d 0000000e 
106345 0 1 0009e 00000000 
106409 4 3 0009e 0000000f 
106412 0 1 0009f 00000000 
106476 4 3 0009f 00000010 
106518 0 2 00290 00000000 
106582 4 3 00290 00000000 
106604 0 3 00290 00000088 
106669 0 1 00090 00000000 
106733 4 3 00090 00000001 
106829 0 1 00181 00000000 
106893 4 3 00181 00000002 
106896 0 1 00191 00000000 
106960 4 3 00191 00000002 
107045 0 2 00291 00000000 
107109 4 3 00291 00000000 
107132 0 3 00291 00000110 
107197 0 1 00091 00000000 
107261 4 3 00091 00000002 
107356 0 1 00182 00000000 
107420 4 3 00182 00000003 
107423 0 1 00192 00000000 
107487 4 3 00192 00000003 
107572 0 2 00292 00000000 
107636 4 3 00292 00000000 
107660 0 3 00292 00000198 
107725 0 1 00092 00000000 
107789 4 3 00092 00000003 
107883 0 1 00183 00000000 
107947 4 3 00183 00000004 
107950 0 1 00193 00000000 
108014 4 3 00193 00000004 
108099 0 2 00293 00000000 
108163 4 3 00293 00000000 
108188 0 3 00293 00000220 
108253 0 1 00093 00000000 
108317 4 3 00093 00000004 
108410 0 1 00184 00000000 
108474 4 3 00184 00000005 
108477 0 1 00194 00000000 
108541 4 3 00194 00000005 
108626 0 2 00294 00000000 
108690 4 3 00294 00000000 
108757 0 3 00294 000002a8 
108822 0 1 00094 00000000 
108886 4 3 00094 00000005 
108937 0 1 00185 00000000 
109001 4 3 00185 00000006 
109004 0 1 00195 00000000 
109068 4 3 00195 00000006 
109153 0 2 00295 00000000 
109217 4 3 00295 00000000 
109285 0 3 00295 00000330 
109350 0 1 00095 00000000 
109414 4 3 00095 00000006 
109464 0 1 00186 00000000 
109528 4 3 00186 00000007 
109531 0 1 00196 00000000 
109595 4 3 00196 00000007 
109680 0 2 00296 00000000 
109744 4 3 00296 00000000 
109813 0 3 00296 000003b8 
109878 0 1 00096 00000000 
109942 4 3 00096 00000007 
109991 0 1 00187 00000000 
110055 4 3 00187 00000008 
110058 0 1 00197 00000000 
110122 4 3 00197 00000008 
110207 0 2 00297 00000000 
110271 4 3 00297 00000000 
110341 0 3 00297 00000440 
110406 0 1 00097 00000000 
110470 4 3 00097 00000008 
110518 0 1 00188 00000000 
110582 4 3 00188 00000009 
110585 0 1 00198 00000000 
110649 4 3 00198 00000009 
110734 0 2 00298 00000000 
110798 4 3 00298 00000000 
110910 0 3 00298 000004c8 
110975 0 1 00098 00000000 
111039 4 3 00098 00000009 
111045 0 1 00189 00000000 
111109 4 3 00189 0000000a 
111112 0 1 00199 00000000 
111176 4 3 00199 0000000a 
111261 0 2 00299 00000000 
111325 4 3 00299 00000000 
111438 0 3 00299 00000550 
111503 0 1 00099 00000000 
111567 4 3 00099 0000000a 
111572 0 1 0018a 00000000 
111636 4 3 0018a 0000000b 
111639 0 1 0019a 00000000 
111703 4 3 0019a 0000000b 
111788 0 2 0029a 00000000 
111852 4 3 0029a 00000000 
111966 0 3 0029a 000005d8 
112031 0 1 0009a 00000000 
112095 4 3 0009a 0000000b 
112099 0 1 0018b 00000000 
112163 4 3 0018b 0000000c 
112166 0 1 0019b 00000000 
112230 4 3 0019b 0000000c 
112315 0 2 0029b 00000000 
112379 4 3 0029b 00000000 
112494 0 3 0029b 00000660 
112559 0 1 0009b 00000000 
112623 4 3 0009b 0000000c 
112626 0 1 0018c 00000000 
112690 4 3 0018c 0000000d 
112693 0 1 0019c 00000000 
112757 4 3 0019c 0000000d 
112799 0 1 0009c 00000000 
112863 4 3 0009c 0000000d 
112908 0 2 0029c 00000000 
112972 4 3 0029c 00000000 
113088 0 1 0018d 00000000 
113152 4 3 0018d 0000000e 
113155 0 1 0019d 00000000 
113219 4 3 0019d 0000000e 
113261 0 3 0029c 000006e8 
113326 0 1 0009c 00000000 
113390 4 3 0009c 0000000d 
113393 0 1 0009d 00000000 
113457 4 3 0009d 0000000e 
113501 0 2 0029d 00000000 
113565 4 3 0029d 00000000 
113681 0 1 0018e 00000000 
113745 4 3 0018e 0000000f 
113748 0 1 0019e 00000000 
113812 4 3 0019e 0000000f 
113855 0 3 0029d 00000770 
113920 0 1 0009d 00000000 
113984 4 3 0009d 0000000e 
113987 0 1 0009e 00000000 
114051 4 3 0009e 0000000f 
114094 0 2 0029e 00000000 
114158 4 3 0029e 00000000 
114274 0 3 0028f 00000880 
114339 0 1 0018f 00000000 
114403 4 3 0018f 00000010 
114406 0 1 0019f 00000000 
114470 4 3 0019f 00000010 
114514 0 3 0029e 000007f8 
114579 0 1 0009e 00000000 
114643 4 3 0009e 0000000f 
114646 0 1 0009f 00000000 
114710 4 3 0009f 00000010 
114752 0 2 0029f 00000000 
114816 4 3 0029f 00000000 
114846 0 1 000a0 00000000 
114910 4 3 000a0 00000001 
114913 0 1 000a1 00000000 
114977 4 3 000a1 00000002 
114980 0 1 000a2 00000000 
115044 4 3 000a2 00000003 
115047 0 1 000a3 00000000 
115111 4 3 000a3 00000004 
115155 0 1 000a4 00000000 
115219 4 3 000a4 00000005 
115222 0 1 000a5 00000000 
115286 4 3 000a5 00000006 
115289 0 1 000a6 00000000 
115353 4 3 000a6 00000007 
115356 0 1 000a7 00000000 
115420 4 3 000a7 00000008 
115464 0 1 000a8 00000000 
115528 4 3 000a8 00000009 
115531 0 1 000a9 00000000 
115595 4 3 000a9 0000000a 
115598 0 1 000aa 00000000 
115662 4 3 000aa 0000000b 
115665 0 1 000ab 00000000 
115729 4 3 000ab 0000000c 
115733 0 1 00190 00000000 
115797 4 3 00190 00000001 
115800 0 1 001a0 00000000 
115864 4 3 001a0 00000001 
115905 0 1 000ac 00000000 
115969 4 3 000ac 0000000d 
115972 0 1 000ad 00000000 
116036 4 3 000ad 0000000e 
116039 0 1 000ae 00000000 
116103 4 3 000ae 0000000f 
116106 0 1 000af 00000000 
116170 4 3 000af 00000010 
116212 0 2 002a0 00000000 
116276 4 3 002a0 00000000 
116298 0 3 002a0 00000088 
116363 0 1 000a0 00000000 
116427 4 3 000a0 00000001 
116524 0 1 00191 00000000 
116588 4 3 00191 00000002 
116591 0 1 001a1 00000000 
116655 4 3 001a1 00000002 
116739 0 2 002a1 00000000 
116803 4 3 002a1 00000000 
116826 0 3 002a1 00000110 
116891 0 1 000a1 00000000 
116955 4 3 000a1 00000002 
117051 0 1 00192 00000000 
117115 4 3 00192 00000003 
117118 0 1 001a2 00000000 
117182 4 3 001a2 00000003 
117266 0 2 002a2 00000000 
117330 4 3 002a2 00000000 
117354 0 3 002a2 00000198 
117419 0 1 000a2 00000000 
117483 4 3 000a2 00000003 
117578 0 1 00193 00000000 
117642 4 3 00193 00000004 
117645 0 1 001a3 00000000 
117709 4 3 001a3 00000004 
117793 0 2 002a3 00000000 
117857 4 3 002a3 00000000 
117882 0 3 002a3 00000220 
117947 0 1 000a3 00000000 
118011 4 3 000a3 00000004 
118105 0 1 00194 00000000 
118169 4 3 00194 00000005 
118172 0 1 001a4 00000000 
118236 4 3 001a4 00000005 
118320 0 2 002a4 00000000 
118384 4 3 002a4 00000000 
118451 0 3 002a4 000002a8 
118516 0 1 000a4 00000000 
118580 4 3 000a4 00000005 
118632 0 1 00195 00000000 
118696 4 3 00195 00000006 
118699 0 1 001a5 00000000 
118763 4 3 001a5 00000006 
118847 0 2 002a5 00000000 
118911 4 3 002a5 00000000 
118979 0 3 002a5 00000330 
119044 0 1 000a5 00000000 
119108 4 3 000a5 00000006 
119159 0 1 00196 00000000 
119223 4 3 00196 00000007 
119226 0 1 001a6 00000000 
119290 4 3 001a6 00000007 
119374 0 2 002a6 00000000 
119438 4 3 002a6 00000000 
119507 0 3 002a6 000003b8 
119572 0 1 000a6 00000000 
119636 4 3 000a6 00000007 
119686 0 1 00197 00000000 
119750 4 3 00197 00000008 
119753 0 1 001a7 00000000 
119817 4 3 001a7 00000008 
119901 0 2 002a7 00000000 
119965 4 3 002a7 00000000 
120035 0 3 002a7 00000440 
120100 0 1 000a7 00000000 
120164 4 3 000a7 00000008 
120213 0 1 00198 00000000 
120277 4 3 00198 00000009 
120280 0 1 001a8 00000000 
120344 4 3 001a8 00000009 
120428 0 2 002a8 00000000 
120492 4 3 002a8 00000000 
120604 0 3 002a8 000004c8 
120669 0 1 000a8 00000000 
120733 4 3 000a8 00000009 
120740 0 1 00199 00000000 
120804 4 3 00199 0000000a 
120807 0 1 001a9 00000000 
120871 4 3 001a9 0000000a 
120955 0 2 002a9 00000000 
121019 4 3 002a9 00000000 
121132 0 3 002a9 00000550 
121197 0 1 000a9 00000000 
121261 4 3 000a9 0000000a 
121267 0 1 0019a 00000000 
121331 4 3 0019a 0000000b 
121334 0 1 001aa 00000000 
121398 4 3 001aa 0000000b 
121482 0 2 002aa 00000000 
121546 4 3 002aa 00000000 
121660 0 3 002aa 000005d8 
121725 0 1 000aa 00000000 
121789 4 3 000aa 0000000b 
121794 0 1 0019b 00000000 
121858 4 3 0019b 0000000c 
121861 0 1 001ab 00000000 
121925 4 3 001ab 0000000c 
122009 0 2 002ab 00000000 
122073 4 3 002ab 00000000 
122188 0 3 002ab 00000660 
122253 0 1 000ab 00000000 
122317 4 3 000ab 0000000c 
122321 0 1 0019c 00000000 
122385 4 3 0019c 0000000d 
122388 0 1 001ac 00000000 
122452 4 3 001ac 0000000d 
122493 0 1 000ac 00000000 
122557 4 3 000ac 0000000d 
122602 0 2 002ac 00000000 
122666 4 3 002ac 00000000 
122783 0 1 0019d 00000000 
122847 4 3 0019d 0000000e 
122850 0 1 001ad 00000000 
122914 4 3 001ad 0000000e 
122955 0 3 002ac 000006e8 
123020 0 1 000ac 00000000 
123084 4 3 000ac 0000000d 
123087 0 1 000ad 00000000 
123151 4 3 000ad 0000000e 
123195 0 2 002ad 00000000 
123259 4 3 002ad 00000000 
123376 0 1 0019e 00000000 
123440 4 3 0019e 0000000f 
123443 0 1 001ae 00000000 
123507 4 3 001ae 0000000f 
123549 0 3 002ad 00000770 
123614 0 1 000ad 00000000 
123678 4 3 000ad 0000000e 
123681 0 1 000ae 00000000 
123745 4 3 000ae 0000000f 
123788 0 2 002ae 00000000 
123852 4 3 002ae 00000000 
123969 0 3 0029f 00000880 
124034 0 1 0019f 00000000 
124098 4 3 0019f 00000010 
124101 0 1 001af 00000000 
124165 4 3 001af 00000010 
124208 0 3 002ae 000007f8 
124273 0 1 000ae 00000000 
124337 4 3 000ae 0000000f 
124340 0 1 000af 00000000 
124404 4 3 000af 00000010 
124446 0 2 002af 00000000 
124510 4 3 002af 00000000 
124540 0 1 000b0 00000000 
124604 4 3 000b0 00000001 
124607 0 1 000b1 00000000 
124671 4 3 000b1 00000002 
124674 0 1 000b2 00000000 
124738 4 3 000b2 00000003 
124741 0 1 000b3 00000000 
124805 4 3 000b3 00000004 
124849 0 1 000b4 00000000 
124913 4 3 000b4 00000005 
124916 0 1 000b5 00000000 
124980 4 3 000b5 00000006 
124983 0 1 000b6 00000000 
125047 4 3 000b6 00000007 
125050 0 1 000b7 00000000 
125114 4 3 000b7 00000008 
125158 0 1 000b8 00000000 
125222 4 3 000b8 00000009 
125225 0 1 000b9 00000000 
125289 4 3 000b9 0000000a 
125292 0 1 000ba 00000000 
125356 4 3 000ba 0000000b 
125359 0 1 000bb 00000000 
125423 4 3 000bb 0000000c 
125428 0 1 001a0 00000000 
125492 4 3 001a0 00000001 
125495 0 1 001b0 00000000 
125559 4 3 001b0 00000001 
125599 0 1 000bc 00000000 
125663 4 3 000bc 0000000d 
125666 0 1 000bd 00000000 
125730 4 3 000bd 0000000e 
125733 0 1 000be 00000000 
125797 4 3 000be 0000000f 
125800 0 1 000bf 00000000 
125864 4 3 000bf 00000010 
125906 0 2 002b0 00000000 
125970 4 3 002b0 00000000 
125992 0 3 002b0 00000088 
126057 0 1 000b0 00000000 
126121 4 3 000b0 00000001 
126219 0 1 001a1 00000000 
126283 4 3 001a1 00000002 
126286 0 1 001b1 00000000 
126350 4 3 001b1 00000002 
126433 0 2 002b1 00000000 
126497 4 3 002b1 00000000 
126520 0 3 002b1 00000110 
126585 0 1 000b1 00000000 
126649 4 3 000b1 00000002 
126746 0 1 001a2 00000000 
126810 4 3 001a2 00000003 
126813 0 1 001b2 00000000 
126877 4 3 001b2 00000003 
126960 0 2 002b2 00000000 
127024 4 3 002b2 00000000 
127048 0 3 002b2 00000198 
127113 0 1 000b2 00000000 
127177 4 3 000b2 00000003 
127273 0 1 001a3 00000000 
127337 4 3 001a3 00000004 
127340 0 1 001b3 00000000 
127404 4 3 001b3 00000004 
127487 0 2 002b3 00000000 
127551 4 3 002b3 00000000 
127576 0 3 002b3 00000220 
127641 0 1 000b3 00000000 
127705 4 3 000b3 00000004 
127800 0 1 001a4 00000000 
127864 4 3 001a4 00000005 
127867 0 1 001b4 00000000 
127931 4 3 001b4 00000005 
128014 0 2 002b4 00000000 
128078 4 3 002b4 00000000 
128145 0 3 002b4 000002a8 
128210 0 1 000b4 00000000 
128274 4 3 000b4 00000005 
128327 0 1 001a5 00000000 
128391 4 3 001a5 00000006 
128394 0 1 001b5 00000000 
128458 4 3 001b5 00000006 
128541 0 2 002b5 00000000 
128605 4 3 002b5 00000000 
128673 0 3 002b5 00000330 
128738 0 1 000b5 00000000 
128802 4 3 000b5 00000006 
128854 0 1 001a6 00000000 
128918 4 3 001a6 00000007 
128921 0 1 001b6 00000000 
128985 4 3 001b6 00000007 
129068 0 2 002b6 00000000 
129132 4 3 002b6 00000000 
129201 0 3 002b6 000003b8 
129266 0 1 000b6 00000000 
129330 4 3 000b6 00000007 
129381 0 1 001a7 00000000 
129445 4 3 001a7 00000008 
129448 0 1 001b7 00000000 
129512 4 3 001b7 00000008 
129595 0 2 002b7 00000000 
129659 4 3 002b7 00000000 
129729 0 3 002b7 00000440 
129794 0 1 000b7 00000000 
129858 4 3 000b7 00000008 
129908 0 1 001a8 00000000 
129972 4 3 001a8 00000009 
129975 0 1 001b8 00000000 
130039 4 3 001b8 00000009 
130122 0 2 002b8 00000000 
130186 4 3 002b8 00000000 
130298 0 3 002b8 000004c8 
130363 0 1 000b8 00000000 
130427 4 3 000b8 00000009 
130435 0 1 001a9 00000000 
130499 4 3 001a9 0000000a 
130502 0 1 001b9 00000000 
130566 4 3 001b9 0000000a 
130649 0 2 002b9 00000000 
130713 4 3 002b9 00000000 
130826 0 3 002b9 00000550 
130891 0 1 000b9 00000000 
130955 4 3 000b9 0000000a 
130962 0 1 001aa 00000000 
131026 4 3 001aa 0000000b 
131029 0 1 001ba 00000000 
131093 4 3 001ba 0000000b 
131176 0 2 002ba 00000000 
131240 4 3 002ba 00000000 
131354 0 3 002ba 000005d8 
131419 0 1 000ba 00000000 
131483 4 3 000ba 0000000b 
131489 0 1 001ab 00000000 
131553 4 3 001ab 0000000c 
131556 0 1 001bb 00000000 
131620 4 3 001bb 0000000c 
131703 0 2 002bb 00000000 
131767 4 3 002bb 00000000 
131882 0 3 002bb 00000660 
131947 0 1 000bb 00000000 
132011 4 3 000bb 0000000c 
132016 0 1 001ac 00000000 
132080 4 3 001ac 0000000d 
132083 0 1 001bc 00000000 
132147 4 3 001bc 0000000d 
132187 0 1 000bc 00000000 
132251 4 3 000bc 0000000d 
132296 0 2 002bc 00000000 
132360 4 3 002bc 00000000 
132478 0 1 001ad 00000000 
132542 4 3 001ad 0000000e 
132545 0 1 001bd 00000000 
132609 4 3 001bd 0000000e 
132649 0 3 002bc 000006e8 
132714 0 1 000bc 00000000 
132778 4 3 000bc 0000000d 
132781 0 1 000bd 00000000 
132845 4 3 000bd 0000000e 
132889 0 2 002bd 00000000 
132953 4 3 002bd 00000000 
133071 0 1 001ae 00000000 
133135 4 3 001ae 0000000f 
133138 0 1 001be 00000000 
133202 4 3 001be 0000000f 
133243 0 3 002bd 00000770 
133308 0 1 000bd 00000000 
133372 4 3 000bd 0000000e 
133375 0 1 000be 00000000 
133439 4 3 000be 0000000f 
133482 0 2 002be 00000000 
133546 4 3 002be 00000000 
133664 0 3 002af 00000880 
133729 0 1 001af 00000000 
133793 4 3 001af 00000010 
133796 0 1 001bf 00000000 
133860 4 3 001bf 00000010 
133902 0 3 002be 000007f8 
133967 0 1 000be 00000000 
134031 4 3 000be 0000000f 
134034 0 1 000bf 00000000 
134098 4 3 000bf 00000010 
134140 0 2 002bf 00000000 
134204 4 3 002bf 00000000 
134234 0 1 000c0 00000000 
134298 4 3 000c0 00000001 
134301 0 1 000c1 00000000 
134365 4 3 000c1 00000002 
134368 0 1 000c2 00000000 
134432 4 3 000c2 00000003 
134435 0 1 000c3 00000000 
134499 4 3 000c3 00000004 
134543 0 1 000c4 00000000 
134607 4 3 000c4 00000005 
134610 0 1 000c5 00000000 
134674 4 3 000c5 00000006 
134677 0 1 000c6 00000000 
134741 4 3 000c6 00000007 
134744 0 1 000c7 00000000 
134808 4 3 000c7 00000008 
134852 0 1 000c8 00000000 
134916 4 3 000c8 00000009 
134919 0 1 000c9 00000000 
134983 4 3 000c9 0000000a 
134986 0 1 000ca 00000000 
135050 4 3 000ca 0000000b 
135053 0 1 000cb 00000000 
135117 4 3 000cb 0000000c 
135123 0 1 001b0 00000000 
135187 4 3 001b0 00000001 
135227 0 1 000cc 00000000 
135291 4 3 000cc 0000000d 
135294 0 1 000cd 00000000 
135358 4 3 000cd 0000000e 
135361 0 1 000ce 00000000 
135425 4 3 000ce 0000000f 
135428 0 1 000cf 00000000 
135492 4 3 000cf 00000010 
135495 0 1 001c0 00000000 
135559 4 3 001c0 00000001 
135600 0 2 002c0 00000000 
135664 4 3 002c0 00000000 
135686 0 3 002c0 00000088 
135751 0 1 000c0 00000000 
135815 4 3 000c0 00000001 
135914 0 1 001b1 00000000 
135978 4 3 001b1 00000002 
136022 0 1 001c1 00000000 
136086 4 3 001c1 00000002 
136127 0 2 002c1 00000000 
136191 4 3 002c1 00000000 
136214 0 3 002c1 00000110 
136279 0 1 000c1 00000000 
136343 4 3 000c1 00000002 
136441 0 1 001b2 00000000 
136505 4 3 001b2 00000003 
136549 0 1 001c2 00000000 
136613 4 3 001c2 00000003 
136654 0 2 002c2 00000000 
136718 4 3 002c2 00000000 
136742 0 3 002c2 00000198 
136807 0 1 000c2 00000000 
136871 4 3 000c2 00000003 
136968 0 1 001b3 00000000 
137032 4 3 001b3 00000004 
137076 0 1 001c3 00000000 
137140 4 3 001c3 00000004 
137181 0 2 002c3 00000000 
137245 4 3 002c3 00000000 
137270 0 3 002c3 00000220 
137335 0 1 000c3 00000000 
137399 4 3 000c3 00000004 
137495 0 1 001b4 00000000 
137559 4 3 001b4 00000005 
137603 0 1 001c4 00000000 
137667 4 3 001c4 00000005 
137708 0 2 002c4 00000000 
137772 4 3 002c4 00000000 
137839 0 3 002c4 000002a8 
137904 0 1 000c4 00000000 
137968 4 3 000c4 00000005 
138022 0 1 001b5 00000000 
138086 4 3 001b5 00000006 
138130 0 1 001c5 00000000 
138194 4 3 001c5 00000006 
138235 0 2 002c5 00000000 
138299 4 3 002c5 00000000 
138367 0 3 002c5 00000330 
138432 0 1 000c5 00000000 
138496 4 3 000c5 00000006 
138549 0 1 001b6 00000000 
138613 4 3 001b6 00000007 
138657 0 1 001c6 00000000 
138721 4 3 001c6 00000007 
138762 0 2 002c6 00000000 
138826 4 3 002c6 00000000 
138895 0 3 002c6 000003b8 
138960 0 1 000c6 00000000 
139024 4 3 000c6 00000007 
139076 0 1 001b7 00000000 
139140 4 3 001b7 00000008 
139184 0 1 001c7 00000000 
139248 4 3 001c7 00000008 
139289 0 2 002c7 00000000 
139353 4 3 002c7 00000000 
139423 0 3 002c7 00000440 
139488 0 1 000c7 00000000 
139552 4 3 000c7 00000008 
139603 0 1 001b8 00000000 
139667 4 3 001b8 00000009 
139711 0 1 001c8 00000000 
139775 4 3 001c8 00000009 
139816 0 2 002c8 00000000 
139880 4 3 002c8 00000000 
139992 0 3 002c8 000004c8 
140057 0 1 000c8 00000000 
140121 4 3 000c8 00000009 
140130 0 1 001b9 00000000 
140194 4 3 001b9 0000000a 
140238 0 1 001c9 00000000 
140302 4 3 001c9 0000000a 
140343 0 2 002c9 00000000 
140407 4 3 002c9 00000000 
140520 0 3 002c9 00000550 
140585 0 1 000c9 00000000 
140649 4 3 000c9 0000000a 
140657 0 1 001ba 00000000 
140721 4 3 001ba 0000000b 
140765 0 1 001ca 00000000 
140829 4 3 001ca 0000000b 
140870 0 2 002ca 00000000 
140934 4 3 002ca 00000000 
141048 0 3 002ca 000005d8 
141113 0 1 000ca 00000000 
141177 4 3 000ca 0000000b 
141184 0 1 001bb 00000000 
141248 4 3 001bb 0000000c 
141292 0 1 001cb 00000000 
141356 4 3 001cb 0000000c 
141397 0 2 002cb 00000000 
141461 4 3 002cb 00000000 
141576 0 3 002cb 00000660 
141641 0 1 000cb 00000000 
141705 4 3 000cb 0000000c 
141711 0 1 001bc 00000000 
141775 4 3 001bc 0000000d 
141819 0 1 001cc 00000000 
141883 4 3 001cc 0000000d 
141924 0 2 002cc 00000000 
141988 4 3 002cc 00000000 
142107 0 1 001bd 00000000 
142171 4 3 001bd 0000000e 
142211 0 3 002cc 000006e8 
142276 0 1 000cc 00000000 
142340 4 3 000cc 0000000d 
142346 0 1 001cd 00000000 
142410 4 3 001cd 0000000e 
142451 0 2 002cd 00000000 
142515 4 3 002cd 00000000 
142634 0 1 001be 00000000 
142698 4 3 001be 0000000f 
142739 0 3 002cd 00000770 
142804 0 1 000cd 00000000 
142868 4 3 000cd 0000000e 
142873 0 1 001ce 00000000 
142937 4 3 001ce 0000000f 
142978 0 2 002ce 00000000 
143042 4 3 002ce 00000000 
143161 0 3 002bf 00000880 
143226 0 1 001bf 00000000 
143290 4 3 001bf 00000010 
143332 0 3 002ce 000007f8 
143397 0 1 000ce 00000000 
143461 4 3 000ce 0000000f 
143465 0 1 001cf 00000000 
143529 4 3 001cf 00000010 
143570 0 2 002cf 00000000 
143634 4 3 002cf 00000000 
143664 0 1 000d0 00000000 
143728 4 3 000d0 00000001 
143731 0 1 000d1 00000000 
143795 4 3 000d1 00000002 
143798 0 1 000d2 00000000 
143862 4 3 000d2 00000003 
143865 0 1 000d3 00000000 
143929 4 3 000d3 00000004 
143973 0 1 000d4 00000000 
144037 4 3 000d4 00000005 
144040 0 1 000d5 00000000 
144104 4 3 000d5 00000006 
144107 0 1 000d6 00000000 
144171 4 3 000d6 00000007 
144174 0 1 000d7 00000000 
144238 4 3 000d7 00000008 
144282 0 1 000d8 00000000 
144346 4 3 000d8 00000009 
144349 0 1 000d9 00000000 
144413 4 3 000d9 0000000a 
144416 0 1 000da 00000000 
144480 4 3 000da 0000000b 
144483 0 1 000db 00000000 
144547 4 3 000db 0000000c 
144591 0 1 000dc 00000000 
144655 4 3 000dc 0000000d 
144658 0 1 000dd 00000000 
144722 4 3 000dd 0000000e 
144725 0 1 000de 00000000 
144789 4 3 000de 0000000f 
144792 0 1 000df 00000000 
144856 4 3 000df 00000010 
144859 0 1 001c0 00000000 
144923 4 3 001c0 00000001 
144926 0 1 001d0 00000000 
144990 4 3 001d0 00000001 
145030 0 2 002d0 00000000 
145094 4 3 002d0 00000000 
145116 0 3 002d0 00000088 
145181 0 1 000d0 00000000 
145245 4 3 000d0 00000001 
145386 0 1 001c1 00000000 
145450 4 3 001c1 00000002 
145453 0 1 001d1 00000000 
145517 4 3 001d1 00000002 
145557 0 2 002d1 00000000 
145621 4 3 002d1 00000000 
145644 0 3 002d1 00000110 
145709 0 1 000d1 00000000 
145773 4 3 000d1 00000002 
145913 0 1 001c2 00000000 
145977 4 3 001c2 00000003 
145980 0 1 001d2 00000000 
146044 4 3 001d2 00000003 
146084 0 2 002d2 00000000 
146148 4 3 002d2 00000000 
146172 0 3 002d2 00000198 
146237 0 1 000d2 00000000 
146301 4 3 000d2 00000003 
146440 0 1 001c3 00000000 
146504 4 3 001c3 00000004 
146507 0 1 001d3 00000000 
146571 4 3 001d3 00000004 
146611 0 2 002d3 00000000 
146675 4 3 002d3 00000000 
146700 0 3 002d3 00000220 
146765 0 1 000d3 00000000 
146829 4 3 000d3 00000004 
146967 0 1 001c4 00000000 
147031 4 3 001c4 00000005 
147034 0 1 001d4 00000000 
147098 4 3 001d4 00000005 
147138 0 2 002d4 00000000 
147202 4 3 002d4 00000000 
147269 0 3 002d4 000002a8 
147334 0 1 000d4 00000000 
147398 4 3 000d4 00000005 
147494 0 1 001c5 00000000 
147558 4 3 001c5 00000006 
147561 0 1 001d5 00000000 
147625 4 3 001d5 00000006 
147665 0 2 002d5 00000000 
147729 4 3 002d5 00000000 
147797 0 3 002d5 00000330 
147862 0 1 000d5 00000000 
147926 4 3 000d5 00000006 
148021 0 1 001c6 00000000 
148085 4 3 001c6 00000007 
148088 0 1 001d6 00000000 
148152 4 3 001d6 00000007 
148192 0 2 002d6 00000000 
148256 4 3 002d6 00000000 
148325 0 3 002d6 000003b8 
148390 0 1 000d6 00000000 
148454 4 3 000d6 00000007 
148548 0 1 001c7 00000000 
148612 4 3 001c7 00000008 
148615 0 1 001d7 00000000 
148679 4 3 001d7 00000008 
148719 0 2 002d7 00000000 
148783 4 3 002d7 00000000 
148853 0 3 002d7 00000440 
148918 0 1 000d7 00000000 
148982 4 3 000d7 00000008 
149075 0 1 001c8 00000000 
149139 4 3 001c8 00000009 
149142 0 1 001d8 00000000 
149206 4 3 001d8 00000009 
149246 0 2 002d8 00000000 
149310 4 3 002d8 00000000 
149422 0 3 002d8 000004c8 
149487 0 1 000d8 00000000 
149551 4 3 000d8 00000009 
149602 0 1 001c9 00000000 
149666 4 3 001c9 0000000a 
149669 0 1 001d9 00000000 
149733 4 3 001d9 0000000a 
149773 0 2 002d9 00000000 
149837 4 3 002d9 00000000 
149950 0 3 002d9 00000550 
150015 0 1 000d9 00000000 
150079 4 3 000d9 0000000a 
150129 0 1 001ca 00000000 
150193 4 3 001ca 0000000b 
150196 0 1 001da 00000000 
150260 4 3 001da 0000000b 
150300 0 2 002da 00000000 
150364 4 3 002da 00000000 
150478 0 3 002da 000005d8 
150543 0 1 000da 00000000 
150607 4 3 000da 0000000b 
150656 0 1 001cb 00000000 
150720 4 3 001cb 0000000c 
150723 0 1 001db 00000000 
150787 4 3 001db 0000000c 
150827 0 2 002db 00000000 
150891 4 3 002db 00000000 
151006 0 3 002db 00000660 
151071 0 1 000db 00000000 
151135 4 3 000db 0000000c 
151183 0 1 001cc 00000000 
151247 4 3 001cc 0000000d 
151250 0 1 001dc 00000000 
151314 4 3 001dc 0000000d 
151354 0 2 002dc 00000000 
151418 4 3 002dc 00000000 
151575 0 3 002dc 000006e8 
151640 0 1 000dc 00000000 
151704 4 3 000dc 0000000d 
151710 0 1 001cd 00000000 
151774 4 3 001cd 0000000e 
151777 0 1 001dd 00000000 
151841 4 3 001dd 0000000e 
151881 0 2 002dd 00000000 
151945 4 3 002dd 00000000 
152103 0 3 002dd 00000770 
152168 0 1 000dd 00000000 
152232 4 3 000dd 0000000e 
152237 0 1 001ce 00000000 
152301 4 3 001ce 0000000f 
152304 0 1 001de 00000000 
152368 4 3 001de 0000000f 
152408 0 2 002de 00000000 
152472 4 3 002de 00000000 
152631 0 3 002de 000007f8 
152696 0 1 000de 00000000 
152760 4 3 000de 0000000f 
152764 0 3 002cf 00000880 
152829 0 1 001cf 00000000 
152893 4 3 001cf 00000010 
152896 0 1 001df 00000000 
152960 4 3 001df 00000010 
153000 0 2 002df 00000000 
153064 4 3 002df 00000000 
153094 0 1 000e0 00000000 
153158 4 3 000e0 00000001 
153161 0 1 000e1 00000000 
153225 4 3 000e1 00000002 
153228 0 1 000e2 00000000 
153292 4 3 000e2 00000003 
153295 0 1 000e3 00000000 
153359 4 3 000e3 00000004 
153403 0 1 000e4 00000000 
153467 4 3 000e4 00000005 
153470 0 1 000e5 00000000 
153534 4 3 000e5 00000006 
153537 0 1 000e6 00000000 
153601 4 3 000e6 00000007 
153604 0 1 000e7 00000000 
153668 4 3 000e7 00000008 
153712 0 1 000e8 00000000 
153776 4 3 000e8 00000009 
153779 0 1 000e9 00000000 
153843 4 3 000e9 0000000a 
153846 0 1 000ea 00000000 
153910 4 3 000ea 0000000b 
153913 0 1 000eb 00000000 
153977 4 3 000eb 0000000c 
154021 0 1 000ec 00000000 
154085 4 3 000ec 0000000d 
154088 0 1 000ed 00000000 
154152 4 3 000ed 0000000e 
154155 0 1 000ee 00000000 
154219 4 3 000ee 0000000f 
154222 0 1 000ef 00000000 
154286 4 3 000ef 00000010 
154290 0 1 001d0 00000000 
154354 4 3 001d0 00000001 
154357 0 1 001e0 00000000 
154421 4 3 001e0 00000001 
154460 0 2 002e0 00000000 
154524 4 3 002e0 00000000 
154546 0 3 002e0 00000088 
154611 0 1 000e0 00000000 
154675 4 3 000e0 00000001 
154817 0 1 001d1 00000000 
154881 4 3 001d1 00000002 
154884 0 1 001e1 00000000 
154948 4 3 001e1 00000002 
154987 0 2 002e1 00000000 
155051 4 3 002e1 00000000 
155074 0 3 002e1 00000110 
155139 0 1 000e1 00000000 
155203 4 3 000e1 00000002 
155344 0 1 001d2 00000000 
155408 4 3 001d2 00000003 
155411 0 1 001e2 00000000 
155475 4 3 001e2 00000003 
155514 0 2 002e2 00000000 
155578 4 3 002e2 00000000 
155602 0 3 002e2 00000198 
155667 0 1 000e2 00000000 
155731 4 3 000e2 00000003 
155871 0 1 001d3 00000000 
155935 4 3 001d3 00000004 
155938 0 1 001e3 00000000 
156002 4 3 001e3 00000004 
156041 0 2 002e3 00000000 
156105 4 3 002e3 00000000 
156130 0 3 002e3 00000220 
156195 0 1 000e3 00000000 
156259 4 3 000e3 00000004 
156398 0 1 001d4 00000000 
156462 4 3 001d4 00000005 
156465 0 1 001e4 00000000 
156529 4 3 001e4 00000005 
156568 0 2 002e4 00000000 
156632 4 3 002e4 00000000 
156699 0 3 002e4 000002a8 
156764 0 1 000e4 00000000 
156828 4 3 000e4 00000005 
156925 0 1 001d5 00000000 
156989 4 3 001d5 00000006 
156992 0 1 001e5 00000000 
157056 4 3 001e5 00000006 
157095 0 2 002e5 00000000 
157159 4 3 002e5 00000000 
157227 0 3 002e5 00000330 
157292 0 1 000e5 00000000 
157356 4 3 000e5 00000006 
157452 0 1 001d6 00000000 
157516 4 3 001d6 00000007 
157519 0 1 001e6 00000000 
157583 4 3 001e6 00000007 
157622 0 2 002e6 00000000 
157686 4 3 002e6 00000000 
157755 0 3 002e6 000003b8 
157820 0 1 000e6 00000000 
157884 4 3 000e6 00000007 
157979 0 1 001d7 00000000 
158043 4 3 001d7 00000008 
158046 0 1 001e7 00000000 
158110 4 3 001e7 00000008 
158149 0 2 002e7 00000000 
158213 4 3 002e7 00000000 
158283 0 3 002e7 00000440 
158348 0 1 000e7 00000000 
158412 4 3 000e7 00000008 
158506 0 1 001d8 00000000 
158570 4 3 001d8 00000009 
158573 0 1 001e8 00000000 
158637 4 3 001e8 00000009 
158676 0 2 002e8 00000000 
158740 4 3 002e8 00000000 
158852 0 3 002e8 000004c8 
158917 0 1 000e8 00000000 
158981 4 3 000e8 00000009 
159033 0 1 001d9 00000000 
159097 4 3 001d9 0000000a 
159100 0 1 001e9 00000000 
159164 4 3 001e9 0000000a 
159203 0 2 002e9 00000000 
159267 4 3 002e9 00000000 
159380 0 3 002e9 00000550 
159445 0 1 000e9 00000000 
159509 4 3 000e9 0000000a 
159560 0 1 001da 00000000 
159624 4 3 001da 0000000b 
159627 0 1 001ea 00000000 
159691 4 3 001ea 0000000b 
159730 0 2 002ea 00000000 
159794 4 3 002ea 00000000 
159908 0 3 002ea 000005d8 
159973 0 1 000ea 00000000 
160037 4 3 000ea 0000000b 
160087 0 1 001db 00000000 
160151 4 3 001db 0000000c 
160154 0 1 001eb 00000000 
160218 4 3 001eb 0000000c 
160257 0 2 002eb 00000000 
160321 4 3 002eb 00000000 
160436 0 3 002eb 00000660 
160501 0 1 000eb 00000000 
160565 4 3 000eb 0000000c 
160614 0 1 001dc 00000000 
160678 4 3 001dc 0000000d 
160681 0 1 001ec 00000000 
160745 4 3 001ec 0000000d 
160784 0 2 002ec 00000000 
160848 4 3 002ec 00000000 
161005 0 3 002ec 000006e8 
161070 0 1 000ec 00000000 
161134 4 3 000ec 0000000d 
161141 0 1 001dd 00000000 
161205 4 3 001dd 0000000e 
161208 0 1 001ed 00000000 
161272 4 3 001ed 0000000e 
161311 0 2 002ed 00000000 
161375 4 3 002ed 00000000 
161533 0 3 002ed 00000770 
161598 0 1 000ed 00000000 
161662 4 3 000ed 0000000e 
161668 0 1 001de 00000000 
161732 4 3 001de 0000000f 
161735 0 1 001ee 00000000 
161799 4 3 001ee 0000000f 
161838 0 2 002ee 00000000 
161902 4 3 002ee 00000000 
162061 0 3 002ee 000007f8 
162126 0 1 000ee 00000000 
162190 4 3 000ee 0000000f 
162195 0 3 002df 00000880 
162260 0 1 001df 00000000 
162324 4 3 001df 00000010 
162327 0 1 001ef 00000000 
162391 4 3 001ef 00000010 
162430 0 2 002ef 00000000 
162494 4 3 002ef 00000000 
162524 0 1 000f0 00000000 
162588 4 3 000f0 00000001 
162591 0 1 000f1 00000000 
162655 4 3 000f1 00000002 
162658 0 1 000f2 00000000 
162722 4 3 000f2 00000003 
162725 0 1 000f3 00000000 
162789 4 3 000f3 00000004 
162833 0 1 000f4 00000000 
162897 4 3 000f4 00000005 
162900 0 1 000f5 00000000 
162964 4 3 000f5 00000006 
162967 0 1 000f6 00000000 
163031 4 3 000f6 00000007 
163034 0 1 000f7 00000000 
163098 4 3 000f7 00000008 
163142 0 1 000f8 00000000 
163206 4 3 000f8 00000009 
163209 0 1 000f9 00000000 
163273 4 3 000f9 0000000a 
163276 0 1 000fa 00000000 
163340 4 3 000fa 0000000b 
163343 0 1 000fb 00000000 
163407 4 3 000fb 0000000c 
163451 0 1 000fc 00000000 
163515 4 3 000fc 0000000d 
163518 0 1 000fd 00000000 
163582 4 3 000fd 0000000e 
163585 0 1 000fe 00000000 
163649 4 3 000fe 0000000f 
163652 0 1 000ff 00000000 
163716 4 3 000ff 00000010 
163721 0 1 001e0 00000000 
163785 4 3 001e0 00000001 
163788 0 1 001f0 00000000 
163852 4 3 001f0 00000001 
163890 0 2 002f0 00000000 
163954 4 3 002f0 00000000 
163976 0 3 002f0 00000088 
164041 0 1 000f0 00000000 
164105 4 3 000f0 00000001 
164248 0 1 001e1 00000000 
164312 4 3 001e1 00000002 
164315 0 1 001f1 00000000 
164379 4 3 001f1 00000002 
164417 0 2 002f1 00000000 
164481 4 3 002f1 00000000 
164504 0 3 002f1 00000110 
164569 0 1 000f1 00000000 
164633 4 3 000f1 00000002 
164775 0 1 001e2 00000000 
164839 4 3 001e2 00000003 
164842 0 1 001f2 00000000 
164906 4 3 001f2 00000003 
164944 0 2 002f2 00000000 
165008 4 3 002f2 00000000 
165032 0 3 002f2 00000198 
165097 0 1 000f2 00000000 
165161 4 3 000f2 00000003 
165302 0 1 001e3 00000000 
165366 4 3 001e3 00000004 
165369 0 1 001f3 00000000 
165433 4 3 001f3 00000004 
165471 0 2 002f3 00000000 
165535 4 3 002f3 00000000 
165560 0 3 002f3 00000220 
165625 0 1 000f3 00000000 
165689 4 3 000f3 00000004 
165829 0 1 001e4 00000000 
165893 4 3 001e4 00000005 
165896 0 1 001f4 00000000 
165960 4 3 001f4 00000005 
165998 0 2 002f4 00000000 
166062 4 3 002f4 00000000 
166129 0 3 002f4 000002a8 
166194 0 1 000f4 00000000 
166258 4 3 000f4 00000005 
166356 0 1 001e5 00000000 
166420 4 3 001e5 00000006 
166423 0 1 001f5 00000000 
166487 4 3 001f5 00000006 
166525 0 2 002f5 00000000 
166589 4 3 002f5 00000000 
166657 0 3 002f5 00000330 
166722 0 1 000f5 00000000 
166786 4 3 000f5 00000006 
166883 0 1 001e6 00000000 
166947 4 3 001e6 00000007 
166950 0 1 001f6 00000000 
167014 4 3 001f6 00000007 
167052 0 2 002f6 00000000 
167116 4 3 002f6 00000000 
167185 0 3 002f6 000003b8 
167250 0 1 000f6 00000000 
167314 4 3 000f6 00000007 
167410 0 1 001e7 00000000 
167474 4 3 001e7 00000008 
167477 0 1 001f7 00000000 
167541 4 3 001f7 00000008 
167579 0 2 002f7 00000000 
167643 4 3 002f7 00000000 
167713 0 3 002f7 00000440 
167778 0 1 000f7 00000000 
167842 4 3 000f7 00000008 
167937 0 1 001e8 00000000 
168001 4 3 001e8 00000009 
168004 0 1 001f8 00000000 
168068 4 3 001f8 00000009 
168106 0 2 002f8 00000000 
168170 4 3 002f8 00000000 
168282 0 3 002f8 000004c8 
168347 0 1 000f8 00000000 
168411 4 3 000f8 00000009 
168464 0 1 001e9 00000000 
168528 4 3 001e9 0000000a 
168531 0 1 001f9 00000000 
168595 4 3 001f9 0000000a 
168633 0 2 002f9 00000000 
168697 4 3 002f9 00000000 
168810 0 3 002f9 00000550 
168875 0 1 000f9 00000000 
168939 4 3 000f9 0000000a 
168991 0 1 001ea 00000000 
169055 4 3 001ea 0000000b 
169058 0 1 001fa 00000000 
169122 4 3 001fa 0000000b 
169160 0 2 002fa 00000000 
169224 4 3 002fa 00000000 
169338 0 3 002fa 000005d8 
169403 0 1 000fa 00000000 
169467 4 3 000fa 0000000b 
169518 0 1 001eb 00000000 
169582 4 3 001eb 0000000c 
169585 0 1 001fb 00000000 
169649 4 3 001fb 0000000c 
169687 0 2 002fb 00000000 
169751 4 3 002fb 00000000 
169866 0 3 002fb 00000660 
169931 0 1 000fb 00000000 
169995 4 3 000fb 0000000c 
170045 0 1 001ec 00000000 
170109 4 3 001ec 0000000d 
170112 0 1 001fc 00000000 
170176 4 3 001fc 0000000d 
170214 0 2 002fc 00000000 
170278 4 3 002fc 00000000 
170435 0 3 002fc 000006e8 
170500 0 1 000fc 00000000 
170564 4 3 000fc 0000000d 
170572 0 1 001ed 00000000 
170636 4 3 001ed 0000000e 
170639 0 1 001fd 00000000 
170703 4 3 001fd 0000000e 
170741 0 2 002fd 00000000 
170805 4 3 002fd 00000000 
170963 0 3 002fd 00000770 
171028 0 1 000fd 00000000 
171092 4 3 000fd 0000000e 
171099 0 1 001ee 00000000 
171163 4 3 001ee 0000000f 
171166 0 1 001fe 00000000 
171230 4 3 001fe 0000000f 
171268 0 2 002fe 00000000 
171332 4 3 002fe 00000000 
171491 0 3 002fe 000007f8 
171556 0 1 000fe 00000000 
171620 4 3 000fe 0000000f 
171626 0 3 002ef 00000880 
171691 0 1 001ef 00000000 
171755 4 3 001ef 00000010 
171758 0 1 001ff 00000000 
171822 4 3 001ff 00000010 
171860 0 2 002ff 00000000 
171924 4 3 002ff 00000000 
