5 0 1 00000 00000000 
69 4 3 00000 00000000 
70 1 1 00000 00000000 
134 4 3 00000 00000000 
135 0 2 00000 00000000 
199 4 3 00000 00000000 
200 1 1 00000 00000000 
201 0 3 00000 00000001 
266 1 2 00000 00000000 
330 4 3 00000 00000001 
331 0 1 00000 00000000 
332 1 3 00000 00000002 
397 0 2 00000 00000000 
461 4 3 00000 00000002 
462 1 1 00000 00000000 
463 0 3 00000 00000003 
528 1 2 00000 00000000 
592 4 3 00000 00000003 
593 0 1 00000 00000000 
594 1 3 00000 00000004 
659 0 2 00000 00000000 
723 4 3 00000 00000004 
724 1 1 00000 00000000 
725 0 3 00000 00000005 
790 1 2 00000 00000000 
854 4 3 00000 00000005 
855 0 1 00000 00000000 
856 1 3 00000 00000006 
921 0 2 00000 00000000 
985 4 3 00000 00000006 
986 1 1 00000 00000000 
987 0 3 00000 00000007 
1052 1 2 00000 00000000 
1116 4 3 00000 00000007 
1117 0 1 00000 00000000 
1118 1 3 00000 00000008 
1183 0 2 00000 00000000 
1247 4 3 00000 00000008 
1248 1 1 00000 00000000 
1249 0 3 00000 00000009 
1314 1 2 00000 00000000 
1378 4 3 00000 00000009 
1379 0 1 00000 00000000 
1380 1 3 00000 0000000a 
1445 0 2 00000 00000000 
1509 4 3 00000 0000000a 
1510 1 1 00000 00000000 
1511 0 3 00000 0000000b 
1576 1 2 00000 00000000 
1640 4 3 00000 0000000b 
1641 0 1 00000 00000000 
1642 1 3 00000 0000000c 
1707 0 2 00000 00000000 
1771 4 3 00000 0000000c 
1772 1 1 00000 00000000 
1773 0 3 00000 0000000d 
1838 1 2 00000 00000000 
1902 4 3 00000 0000000d 
1903 0 1 00000 00000000 
1904 1 3 00000 0000000e 
1969 0 2 00000 00000000 
2033 4 3 00000 0000000e 
2034 1 1 00000 00000000 
2035 0 3 00000 0000000f 
2100 1 2 00000 00000000 
2164 4 3 00000 0000000f 
2165 0 1 00000 00000000 
2166 1 3 00000 00000010 
2231 0 2 00000 00000000 
2295 4 3 00000 00000010 
2296 1 1 00000 00000000 
2297 0 3 00000 00000011 
2362 1 2 00000 00000000 
2426 4 3 00000 00000011 
2427 0 1 00000 00000000 
2428 1 3 00000 00000012 
2493 0 2 00000 00000000 
2557 4 3 00000 00000012 
2558 1 1 00000 00000000 
2559 0 3 00000 00000013 
2624 1 2 00000 00000000 
2688 4 3 00000 00000013 
2689 0 1 00000 00000000 
2690 1 3 00000 00000014 
2755 0 2 00000 00000000 
2819 4 3 00000 00000014 
2820 1 1 00000 00000000 
2821 0 3 00000 00000015 
2886 1 2 00000 00000000 
2950 4 3 00000 00000015 
2951 0 1 00000 00000000 
2952 1 3 00000 00000016 
3017 0 2 00000 00000000 
3081 4 3 00000 00000016 
3082 1 1 00000 00000000 
3083 0 3 00000 00000017 
3148 1 2 00000 00000000 
3212 4 3 00000 00000017 
3213 0 1 00000 00000000 
3214 1 3 00000 00000018 
3279 0 2 00000 00000000 
3343 4 3 00000 00000018 
3344 1 1 00000 00000000 
3345 0 3 00000 00000019 
3410 1 2 00000 00000000 
3474 4 3 00000 00000019 
3475 0 1 00000 00000000 
3476 1 3 00000 0000001a 
3541 0 2 00000 00000000 
3605 4 3 00000 0000001a 
3606 1 1 00000 00000000 
3607 0 3 00000 0000001b 
3672 1 2 00000 00000000 
3736 4 3 00000 0000001b 
3737 0 1 00000 00000000 
3738 1 3 00000 0000001c 
3803 0 2 00000 00000000 
3867 4 3 00000 0000001c 
3868 1 1 00000 00000000 
3869 0 3 00000 0000001d 
3934 1 2 00000 00000000 
3998 4 3 00000 0000001d 
3999 0 1 00000 00000000 
4000 1 3 00000 0000001e 
4065 0 2 00000 00000000 
4129 4 3 00000 0000001e 
4130 1 1 00000 00000000 
4131 0 3 00000 0000001f 
4196 1 2 00000 00000000 
4260 4 3 00000 0000001f 
4261 0 1 00000 00000000 
4262 1 3 00000 00000020 
4327 0 2 00000 00000000 
4391 4 3 00000 00000020 
4392 1 1 00000 00000000 
4393 0 3 00000 00000021 
4458 1 2 00000 00000000 
4522 4 3 00000 00000021 
4523 0 1 00000 00000000 
4524 1 3 00000 00000022 
4589 0 2 00000 00000000 
4653 4 3 00000 00000022 
4654 1 1 00000 00000000 
4655 0 3 00000 00000023 
4720 1 2 00000 00000000 
4784 4 3 00000 00000023 
4785 0 1 00000 00000000 
4786 1 3 00000 00000024 
4851 0 2 00000 00000000 
4915 4 3 00000 00000024 
4916 1 1 00000 00000000 
4917 0 3 00000 00000025 
4982 1 2 00000 00000000 
5046 4 3 00000 00000025 
5047 0 1 00000 00000000 
5048 1 3 00000 00000026 
5113 0 2 00000 00000000 
5177 4 3 00000 00000026 
5178 1 1 00000 00000000 
5179 0 3 00000 00000027 
5244 1 2 00000 00000000 
5308 4 3 00000 00000027 
5309 0 1 00000 00000000 
5310 1 3 00000 00000028 
5375 0 2 00000 00000000 
5439 4 3 00000 00000028 
5440 1 1 00000 00000000 
5441 0 3 00000 00000029 
5506 1 2 00000 00000000 
5570 4 3 00000 00000029 
5571 0 1 00000 00000000 
5572 1 3 00000 0000002a 
5637 0 2 00000 00000000 
5701 4 3 00000 0000002a 
5702 1 1 00000 00000000 
5703 0 3 00000 0000002b 
5768 1 2 00000 00000000 
5832 4 3 00000 0000002b 
5833 0 1 00000 00000000 
5834 1 3 00000 0000002c 
5899 0 2 00000 00000000 
5963 4 3 00000 0000002c 
5964 1 1 00000 00000000 
5965 0 3 00000 0000002d 
6030 1 2 00000 00000000 
6094 4 3 00000 0000002d 
6095 0 1 00000 00000000 
6096 1 3 00000 0000002e 
6161 0 2 00000 00000000 
6225 4 3 00000 0000002e 
6226 1 1 00000 00000000 
6227 0 3 00000 0000002f 
6292 1 2 00000 00000000 
6356 4 3 00000 0000002f 
6357 0 1 00000 00000000 
6358 1 3 00000 00000030 
6423 0 2 00000 00000000 
6487 4 3 00000 00000030 
6488 1 1 00000 00000000 
6489 0 3 00000 00000031 
6554 1 2 00000 00000000 
6618 4 3 00000 00000031 
6619 0 1 00000 00000000 
6620 1 3 00000 00000032 
6685 0 2 00000 00000000 
6749 4 3 00000 00000032 
6750 1 1 00000 00000000 
6751 0 3 00000 00000033 
6816 1 2 00000 00000000 
6880 4 3 00000 00000033 
6881 0 1 00000 00000000 
6882 1 3 00000 00000034 
6947 0 2 00000 00000000 
7011 4 3 00000 00000034 
7012 1 1 00000 00000000 
7013 0 3 00000 00000035 
7078 1 2 00000 00000000 
7142 4 3 00000 00000035 
7143 0 1 00000 00000000 
7144 1 3 00000 00000036 
7209 0 2 00000 00000000 
7273 4 3 00000 00000036 
7274 1 1 00000 00000000 
7275 0 3 00000 00000037 
7340 1 2 00000 00000000 
7404 4 3 00000 00000037 
7405 0 1 00000 00000000 
7406 1 3 00000 00000038 
7471 0 2 00000 00000000 
7535 4 3 00000 00000038 
7536 1 1 00000 00000000 
7537 0 3 00000 00000039 
7602 1 2 00000 00000000 
7666 4 3 00000 00000039 
7667 0 1 00000 00000000 
7668 1 3 00000 0000003a 
7733 0 2 00000 00000000 
7797 4 3 00000 0000003a 
7798 1 1 00000 00000000 
7799 0 3 00000 0000003b 
7864 1 2 00000 00000000 
7928 4 3 00000 0000003b 
7929 0 1 00000 00000000 
7930 1 3 00000 0000003c 
7995 0 2 00000 00000000 
8059 4 3 00000 0000003c 
8060 1 1 00000 00000000 
8061 0 3 00000 0000003d 
8126 1 2 00000 00000000 
8190 4 3 00000 0000003d 
8191 0 1 00000 00000000 
8192 1 3 00000 0000003e 
8257 0 2 00000 00000000 
8321 4 3 00000 0000003e 
8322 1 1 00000 00000000 
8323 0 3 00000 0000003f 
8388 1 2 00000 00000000 
8452 4 3 00000 0000003f 
8453 0 1 00000 00000000 
8454 1 3 00000 00000040 
8519 0 2 00000 00000000 
8583 4 3 00000 00000040 
8584 1 1 00000 00000000 
8585 0 3 00000 00000041 
8650 1 2 00000 00000000 
8714 4 3 00000 00000041 
8715 0 1 00000 00000000 
8716 1 3 00000 00000042 
8781 0 2 00000 00000000 
8845 4 3 00000 00000042 
8846 1 1 00000 00000000 
8847 0 3 00000 00000043 
8912 1 2 00000 00000000 
8976 4 3 00000 00000043 
8977 0 1 00000 00000000 
8978 1 3 00000 00000044 
9043 0 2 00000 00000000 
9107 4 3 00000 00000044 
9108 1 1 00000 00000000 
9109 0 3 00000 00000045 
9174 1 2 00000 00000000 
9238 4 3 00000 00000045 
9239 0 1 00000 00000000 
9240 1 3 00000 00000046 
9305 0 2 00000 00000000 
9369 4 3 00000 00000046 
9370 1 1 00000 00000000 
9371 0 3 00000 00000047 
9436 1 2 00000 00000000 
9500 4 3 00000 00000047 
9501 0 1 00000 00000000 
9502 1 3 00000 00000048 
9567 0 2 00000 00000000 
9631 4 3 00000 00000048 
9632 1 1 00000 00000000 
9633 0 3 00000 00000049 
9698 1 2 00000 00000000 
9762 4 3 00000 00000049 
9763 0 1 00000 00000000 
9764 1 3 00000 0000004a 
9829 0 2 00000 00000000 
9893 4 3 00000 0000004a 
9894 1 1 00000 00000000 
9895 0 3 00000 0000004b 
9960 1 2 00000 00000000 
10024 4 3 00000 0000004b 
10025 0 1 00000 00000000 
10026 1 3 00000 0000004c 
10091 0 2 00000 00000000 
10155 4 3 00000 0000004c 
10156 1 1 00000 00000000 
10157 0 3 00000 0000004d 
10222 1 2 00000 00000000 
10286 4 3 00000 0000004d 
10287 0 1 00000 00000000 
10288 1 3 00000 0000004e 
10353 0 2 00000 00000000 
10417 4 3 00000 0000004e 
10418 1 1 00000 00000000 
10419 0 3 00000 0000004f 
10484 1 2 00000 00000000 
10548 4 3 00000 0000004f 
10549 0 1 00000 00000000 
10550 1 3 00000 00000050 
10615 0 2 00000 00000000 
10679 4 3 00000 00000050 
10680 1 1 00000 00000000 
10681 0 3 00000 00000051 
10746 1 2 00000 00000000 
10810 4 3 00000 00000051 
10811 0 1 00000 00000000 
10812 1 3 00000 00000052 
10877 0 2 00000 00000000 
10941 4 3 00000 00000052 
10942 1 1 00000 00000000 
10943 0 3 00000 00000053 
11008 1 2 00000 00000000 
11072 4 3 00000 00000053 
11073 0 1 00000 00000000 
11074 1 3 00000 00000054 
11139 0 2 00000 00000000 
11203 4 3 00000 00000054 
11204 1 1 00000 00000000 
11205 0 3 00000 00000055 
11270 1 2 00000 00000000 
11334 4 3 00000 00000055 
11335 0 1 00000 00000000 
11336 1 3 00000 00000056 
11401 0 2 00000 00000000 
11465 4 3 00000 00000056 
11466 1 1 00000 00000000 
11467 0 3 00000 00000057 
11532 1 2 00000 00000000 
11596 4 3 00000 00000057 
11597 0 1 00000 00000000 
11598 1 3 00000 00000058 
11663 0 2 00000 00000000 
11727 4 3 00000 00000058 
11728 1 1 00000 00000000 
11729 0 3 00000 00000059 
11794 1 2 00000 00000000 
11858 4 3 00000 00000059 
11859 0 1 00000 00000000 
11860 1 3 00000 0000005a 
11925 0 2 00000 00000000 
11989 4 3 00000 0000005a 
11990 1 1 00000 00000000 
11991 0 3 00000 0000005b 
12056 1 2 00000 00000000 
12120 4 3 00000 0000005b 
12121 0 1 00000 00000000 
12122 1 3 00000 0000005c 
12187 0 2 00000 00000000 
12251 4 3 00000 0000005c 
12252 1 1 00000 00000000 
12253 0 3 00000 0000005d 
12318 1 2 00000 00000000 
12382 4 3 00000 0000005d 
12383 0 1 00000 00000000 
12384 1 3 00000 0000005e 
12449 0 2 00000 00000000 
12513 4 3 00000 0000005e 
12514 1 1 00000 00000000 
12515 0 3 00000 0000005f 
12580 1 2 00000 00000000 
12644 4 3 00000 0000005f 
12645 0 1 00000 00000000 
12646 1 3 00000 00000060 
12711 0 2 00000 00000000 
12775 4 3 00000 00000060 
12776 1 1 00000 00000000 
12777 0 3 00000 00000061 
12842 1 2 00000 00000000 
12906 4 3 00000 00000061 
12907 0 1 00000 00000000 
12908 1 3 00000 00000062 
12973 0 2 00000 00000000 
13037 4 3 00000 00000062 
13038 1 1 00000 00000000 
13039 0 3 00000 00000063 
13104 1 2 00000 00000000 
13168 4 3 00000 00000063 
13169 0 1 00000 00000000 
13170 1 3 00000 00000064 
13235 0 2 00000 00000000 
13299 4 3 00000 00000064 
13300 1 1 00000 00000000 
13301 0 3 00000 00000065 
13366 1 2 00000 00000000 
13430 4 3 00000 00000065 
13431 0 1 00000 00000000 
13432 1 3 00000 00000066 
13497 0 2 00000 00000000 
13561 4 3 00000 00000066 
13562 1 1 00000 00000000 
13563 0 3 00000 00000067 
13628 1 2 00000 00000000 
13692 4 3 00000 00000067 
13693 0 1 00000 00000000 
13694 1 3 00000 00000068 
13759 0 2 00000 00000000 
13823 4 3 00000 00000068 
13824 1 1 00000 00000000 
13825 0 3 00000 00000069 
13890 1 2 00000 00000000 
13954 4 3 00000 00000069 
13955 0 1 00000 00000000 
13956 1 3 00000 0000006a 
14021 0 2 00000 00000000 
14085 4 3 00000 0000006a 
14086 1 1 00000 00000000 
14087 0 3 00000 0000006b 
14152 1 2 00000 00000000 
14216 4 3 00000 0000006b 
14217 0 1 00000 00000000 
14218 1 3 00000 0000006c 
14283 0 2 00000 00000000 
14347 4 3 00000 0000006c 
14348 1 1 00000 00000000 
14349 0 3 00000 0000006d 
14414 1 2 00000 00000000 
14478 4 3 00000 0000006d 
14479 0 1 00000 00000000 
14480 1 3 00000 0000006e 
14545 0 2 00000 00000000 
14609 4 3 00000 0000006e 
14610 1 1 00000 00000000 
14611 0 3 00000 0000006f 
14676 1 2 00000 00000000 
14740 4 3 00000 0000006f 
14741 0 1 00000 00000000 
14742 1 3 00000 00000070 
14807 0 2 00000 00000000 
14871 4 3 00000 00000070 
14872 1 1 00000 00000000 
14873 0 3 00000 00000071 
14938 1 2 00000 00000000 
15002 4 3 00000 00000071 
15003 0 1 00000 00000000 
15004 1 3 00000 00000072 
15069 0 2 00000 00000000 
15133 4 3 00000 00000072 
15134 1 1 00000 00000000 
15135 0 3 00000 00000073 
15200 1 2 00000 00000000 
15264 4 3 00000 00000073 
15265 0 1 00000 00000000 
15266 1 3 00000 00000074 
15331 0 2 00000 00000000 
15395 4 3 00000 00000074 
15396 1 1 00000 00000000 
15397 0 3 00000 00000075 
15462 1 2 00000 00000000 
15526 4 3 00000 00000075 
15527 0 1 00000 00000000 
15528 1 3 00000 00000076 
15593 0 2 00000 00000000 
15657 4 3 00000 00000076 
15658 1 1 00000 00000000 
15659 0 3 00000 00000077 
15724 1 2 00000 00000000 
15788 4 3 00000 00000077 
15789 0 1 00000 00000000 
15790 1 3 00000 00000078 
15855 0 2 00000 00000000 
15919 4 3 00000 00000078 
15920 1 1 00000 00000000 
15921 0 3 00000 00000079 
15986 1 2 00000 00000000 
16050 4 3 00000 00000079 
16051 0 1 00000 00000000 
16052 1 3 00000 0000007a 
16117 0 2 00000 00000000 
16181 4 3 00000 0000007a 
16182 1 1 00000 00000000 
16183 0 3 00000 0000007b 
16248 1 2 00000 00000000 
16312 4 3 00000 0000007b 
16313 0 1 00000 00000000 
16314 1 3 00000 0000007c 
16379 0 2 00000 00000000 
16443 4 3 00000 0000007c 
16444 1 1 00000 00000000 
16445 0 3 00000 0000007d 
16510 1 2 00000 00000000 
16574 4 3 00000 0000007d 
16575 0 1 00000 00000000 
16576 1 3 00000 0000007e 
16641 0 2 00000 00000000 
16705 4 3 00000 0000007e 
16706 1 1 00000 00000000 
16707 0 3 00000 0000007f 
16772 1 2 00000 00000000 
16836 4 3 00000 0000007f 
16837 0 1 00000 00000000 
16838 1 3 00000 00000080 
16903 0 2 00000 00000000 
16967 4 3 00000 00000080 
16968 1 1 00000 00000000 
16969 0 3 00000 00000081 
17034 1 2 00000 00000000 
17098 4 3 00000 00000081 
17099 0 1 00000 00000000 
17100 1 3 00000 00000082 
17165 0 2 00000 00000000 
17229 4 3 00000 00000082 
17230 1 1 00000 00000000 
17231 0 3 00000 00000083 
17296 1 2 00000 00000000 
17360 4 3 00000 00000083 
17361 0 1 00000 00000000 
17362 1 3 00000 00000084 
17427 0 2 00000 00000000 
17491 4 3 00000 00000084 
17492 1 1 00000 00000000 
17493 0 3 00000 00000085 
17558 1 2 00000 00000000 
17622 4 3 00000 00000085 
17623 0 1 00000 00000000 
17624 1 3 00000 00000086 
17689 0 2 00000 00000000 
17753 4 3 00000 00000086 
17754 1 1 00000 00000000 
17755 0 3 00000 00000087 
17820 1 2 00000 00000000 
17884 4 3 00000 00000087 
17885 0 1 00000 00000000 
17886 1 3 00000 00000088 
17951 0 2 00000 00000000 
18015 4 3 00000 00000088 
18016 1 1 00000 00000000 
18017 0 3 00000 00000089 
18082 1 2 00000 00000000 
18146 4 3 00000 00000089 
18147 0 1 00000 00000000 
18148 1 3 00000 0000008a 
18213 0 2 00000 00000000 
18277 4 3 00000 0000008a 
18278 1 1 00000 00000000 
18279 0 3 00000 0000008b 
18344 1 2 00000 00000000 
18408 4 3 00000 0000008b 
18409 0 1 00000 00000000 
18410 1 3 00000 0000008c 
18475 0 2 00000 00000000 
18539 4 3 00000 0000008c 
18540 1 1 00000 00000000 
18541 0 3 00000 0000008d 
18606 1 2 00000 00000000 
18670 4 3 00000 0000008d 
18671 0 1 00000 00000000 
18672 1 3 00000 0000008e 
18737 0 2 00000 00000000 
18801 4 3 00000 0000008e 
18802 1 1 00000 00000000 
18803 0 3 00000 0000008f 
18868 1 2 00000 00000000 
18932 4 3 00000 0000008f 
18933 0 1 00000 00000000 
18934 1 3 00000 00000090 
18999 0 2 00000 00000000 
19063 4 3 00000 00000090 
19064 1 1 00000 00000000 
19065 0 3 00000 00000091 
19130 1 2 00000 00000000 
19194 4 3 00000 00000091 
19195 0 1 00000 00000000 
19196 1 3 00000 00000092 
19261 0 2 00000 00000000 
19325 4 3 00000 00000092 
19326 1 1 00000 00000000 
19327 0 3 00000 00000093 
19392 1 2 00000 00000000 
19456 4 3 00000 00000093 
19457 0 1 00000 00000000 
19458 1 3 00000 00000094 
19523 0 2 00000 00000000 
19587 4 3 00000 00000094 
19588 1 1 00000 00000000 
19589 0 3 00000 00000095 
19654 1 2 00000 00000000 
19718 4 3 00000 00000095 
19719 0 1 00000 00000000 
19720 1 3 00000 00000096 
19785 0 2 00000 00000000 
19849 4 3 00000 00000096 
19850 1 1 00000 00000000 
19851 0 3 00000 00000097 
19916 1 2 00000 00000000 
19980 4 3 00000 00000097 
19981 0 1 00000 00000000 
19982 1 3 00000 00000098 
20047 0 2 00000 00000000 
20111 4 3 00000 00000098 
20112 1 1 00000 00000000 
20113 0 3 00000 00000099 
20178 1 2 00000 00000000 
20242 4 3 00000 00000099 
20243 0 1 00000 00000000 
20244 1 3 00000 0000009a 
20309 0 2 00000 00000000 
20373 4 3 00000 0000009a 
20374 1 1 00000 00000000 
20375 0 3 00000 0000009b 
20440 1 2 00000 00000000 
20504 4 3 00000 0000009b 
20505 0 1 00000 00000000 
20506 1 3 00000 0000009c 
20571 0 2 00000 00000000 
20635 4 3 00000 0000009c 
20636 1 1 00000 00000000 
20637 0 3 00000 0000009d 
20702 1 2 00000 00000000 
20766 4 3 00000 0000009d 
20767 0 1 00000 00000000 
20768 1 3 00000 0000009e 
20833 0 2 00000 00000000 
20897 4 3 00000 0000009e 
20898 1 1 00000 00000000 
20899 0 3 00000 0000009f 
20964 1 2 00000 00000000 
21028 4 3 00000 0000009f 
21029 0 1 00000 00000000 
21030 1 3 00000 000000a0 
21095 0 2 00000 00000000 
21159 4 3 00000 000000a0 
21160 1 1 00000 00000000 
21161 0 3 00000 000000a1 
21226 1 2 00000 00000000 
21290 4 3 00000 000000a1 
21291 0 1 00000 00000000 
21292 1 3 00000 000000a2 
21357 0 2 00000 00000000 
21421 4 3 00000 000000a2 
21422 1 1 00000 00000000 
21423 0 3 00000 000000a3 
21488 1 2 00000 00000000 
21552 4 3 00000 000000a3 
21553 0 1 00000 00000000 
21554 1 3 00000 000000a4 
21619 0 2 00000 00000000 
21683 4 3 00000 000000a4 
21684 1 1 00000 00000000 
21685 0 3 00000 000000a5 
21750 1 2 00000 00000000 
21814 4 3 00000 000000a5 
21815 0 1 00000 00000000 
21816 1 3 00000 000000a6 
21881 0 2 00000 00000000 
21945 4 3 00000 000000a6 
21946 1 1 00000 00000000 
21947 0 3 00000 000000a7 
22012 1 2 00000 00000000 
22076 4 3 00000 000000a7 
22077 0 1 00000 00000000 
22078 1 3 00000 000000a8 
22143 0 2 00000 00000000 
22207 4 3 00000 000000a8 
22208 1 1 00000 00000000 
22209 0 3 00000 000000a9 
22274 1 2 00000 00000000 
22338 4 3 00000 000000a9 
22339 0 1 00000 00000000 
22340 1 3 00000 000000aa 
22405 0 2 00000 00000000 
22469 4 3 00000 000000aa 
22470 1 1 00000 00000000 
22471 0 3 00000 000000ab 
22536 1 2 00000 00000000 
22600 4 3 00000 000000ab 
22601 0 1 00000 00000000 
22602 1 3 00000 000000ac 
22667 0 2 00000 00000000 
22731 4 3 00000 000000ac 
22732 1 1 00000 00000000 
22733 0 3 00000 000000ad 
22798 1 2 00000 00000000 
22862 4 3 00000 000000ad 
22863 0 1 00000 00000000 
22864 1 3 00000 000000ae 
22929 0 2 00000 00000000 
22993 4 3 00000 000000ae 
22994 1 1 00000 00000000 
22995 0 3 00000 000000af 
23060 1 2 00000 00000000 
23124 4 3 00000 000000af 
23125 0 1 00000 00000000 
23126 1 3 00000 000000b0 
23191 0 2 00000 00000000 
23255 4 3 00000 000000b0 
23256 1 1 00000 00000000 
23257 0 3 00000 000000b1 
23322 1 2 00000 00000000 
23386 4 3 00000 000000b1 
23387 0 1 00000 00000000 
23388 1 3 00000 000000b2 
23453 0 2 00000 00000000 
23517 4 3 00000 000000b2 
23518 1 1 00000 00000000 
23519 0 3 00000 000000b3 
23584 1 2 00000 00000000 
23648 4 3 00000 000000b3 
23649 0 1 00000 00000000 
23650 1 3 00000 000000b4 
23715 0 2 00000 00000000 
23779 4 3 00000 000000b4 
23780 1 1 00000 00000000 
23781 0 3 00000 000000b5 
23846 1 2 00000 00000000 
23910 4 3 00000 000000b5 
23911 0 1 00000 00000000 
23912 1 3 00000 000000b6 
23977 0 2 00000 00000000 
24041 4 3 00000 000000b6 
24042 1 1 00000 00000000 
24043 0 3 00000 000000b7 
24108 1 2 00000 00000000 
24172 4 3 00000 000000b7 
24173 0 1 00000 00000000 
24174 1 3 00000 000000b8 
24239 0 2 00000 00000000 
24303 4 3 00000 000000b8 
24304 1 1 00000 00000000 
24305 0 3 00000 000000b9 
24370 1 2 00000 00000000 
24434 4 3 00000 000000b9 
24435 0 1 00000 00000000 
24436 1 3 00000 000000ba 
24501 0 2 00000 00000000 
24565 4 3 00000 000000ba 
24566 1 1 00000 00000000 
24567 0 3 00000 000000bb 
24632 1 2 00000 00000000 
24696 4 3 00000 000000bb 
24697 0 1 00000 00000000 
24698 1 3 00000 000000bc 
24763 0 2 00000 00000000 
24827 4 3 00000 000000bc 
24828 1 1 00000 00000000 
24829 0 3 00000 000000bd 
24894 1 2 00000 00000000 
24958 4 3 00000 000000bd 
24959 0 1 00000 00000000 
24960 1 3 00000 000000be 
25025 0 2 00000 00000000 
25089 4 3 00000 000000be 
25090 1 1 00000 00000000 
25091 0 3 00000 000000bf 
25156 1 2 00000 00000000 
25220 4 3 00000 000000bf 
25221 0 1 00000 00000000 
25222 1 3 00000 000000c0 
25287 0 2 00000 00000000 
25351 4 3 00000 000000c0 
25352 1 1 00000 00000000 
25353 0 3 00000 000000c1 
25418 1 2 00000 00000000 
25482 4 3 00000 000000c1 
25483 0 1 00000 00000000 
25484 1 3 00000 000000c2 
25549 0 2 00000 00000000 
25613 4 3 00000 000000c2 
25614 1 1 00000 00000000 
25615 0 3 00000 000000c3 
25680 1 2 00000 00000000 
25744 4 3 00000 000000c3 
25745 0 1 00000 00000000 
25746 1 3 00000 000000c4 
25811 0 2 00000 00000000 
25875 4 3 00000 000000c4 
25876 1 1 00000 00000000 
25877 0 3 00000 000000c5 
25942 1 2 00000 00000000 
26006 4 3 00000 000000c5 
26007 0 1 00000 00000000 
26008 1 3 00000 000000c6 
26073 0 2 00000 00000000 
26137 4 3 00000 000000c6 
26138 1 1 00000 00000000 
26139 0 3 00000 000000c7 
26204 1 2 00000 00000000 
26268 4 3 00000 000000c7 
26269 0 1 00000 00000000 
26270 1 3 00000 000000c8 
26335 0 2 00000 00000000 
26399 4 3 00000 000000c8 
26400 1 1 00000 00000000 
26401 0 3 00000 000000c9 
26466 1 2 00000 00000000 
26530 4 3 00000 000000c9 
26531 0 1 00000 00000000 
26532 1 3 00000 000000ca 
26597 0 2 00000 00000000 
26661 4 3 00000 000000ca 
26662 1 1 00000 00000000 
26663 0 3 00000 000000cb 
26728 1 2 00000 00000000 
26792 4 3 00000 000000cb 
26793 0 1 00000 00000000 
26794 1 3 00000 000000cc 
26859 0 2 00000 00000000 
26923 4 3 00000 000000cc 
26924 1 1 00000 00000000 
26925 0 3 00000 000000cd 
26990 1 2 00000 00000000 
27054 4 3 00000 000000cd 
27055 0 1 00000 00000000 
27056 1 3 00000 000000ce 
27121 0 2 00000 00000000 
27185 4 3 00000 000000ce 
27186 1 1 00000 00000000 
27187 0 3 00000 000000cf 
27252 1 2 00000 00000000 
27316 4 3 00000 000000cf 
27317 0 1 00000 00000000 
27318 1 3 00000 000000d0 
27383 0 2 00000 00000000 
27447 4 3 00000 000000d0 
27448 1 1 00000 00000000 
27449 0 3 00000 000000d1 
27514 1 2 00000 00000000 
27578 4 3 00000 000000d1 
27579 0 1 00000 00000000 
27580 1 3 00000 000000d2 
27645 0 2 00000 00000000 
27709 4 3 00000 000000d2 
27710 1 1 00000 00000000 
27711 0 3 00000 000000d3 
27776 1 2 00000 00000000 
27840 4 3 00000 000000d3 
27841 0 1 00000 00000000 
27842 1 3 00000 000000d4 
27907 0 2 00000 00000000 
27971 4 3 00000 000000d4 
27972 1 1 00000 00000000 
27973 0 3 00000 000000d5 
28038 1 2 00000 00000000 
28102 4 3 00000 000000d5 
28103 0 1 00000 00000000 
28104 1 3 00000 000000d6 
28169 0 2 00000 00000000 
28233 4 3 00000 000000d6 
28234 1 1 00000 00000000 
28235 0 3 00000 000000d7 
28300 1 2 00000 00000000 
28364 4 3 00000 000000d7 
28365 0 1 00000 00000000 
28366 1 3 00000 000000d8 
28431 0 2 00000 00000000 
28495 4 3 00000 000000d8 
28496 1 1 00000 00000000 
28497 0 3 00000 000000d9 
28562 1 2 00000 00000000 
28626 4 3 00000 000000d9 
28627 0 1 00000 00000000 
28628 1 3 00000 000000da 
28693 0 2 00000 00000000 
28757 4 3 00000 000000da 
28758 1 1 00000 00000000 
28759 0 3 00000 000000db 
28824 1 2 00000 00000000 
28888 4 3 00000 000000db 
28889 0 1 00000 00000000 
28890 1 3 00000 000000dc 
28955 0 2 00000 00000000 
29019 4 3 00000 000000dc 
29020 1 1 00000 00000000 
29021 0 3 00000 000000dd 
29086 1 2 00000 00000000 
29150 4 3 00000 000000dd 
29151 0 1 00000 00000000 
29152 1 3 00000 000000de 
29217 0 2 00000 00000000 
29281 4 3 00000 000000de 
29282 1 1 00000 00000000 
29283 0 3 00000 000000df 
29348 1 2 00000 00000000 
29412 4 3 00000 000000df 
29413 0 1 00000 00000000 
29414 1 3 00000 000000e0 
29479 0 2 00000 00000000 
29543 4 3 00000 000000e0 
29544 1 1 00000 00000000 
29545 0 3 00000 000000e1 
29610 1 2 00000 00000000 
29674 4 3 00000 000000e1 
29675 0 1 00000 00000000 
29676 1 3 00000 000000e2 
29741 0 2 00000 00000000 
29805 4 3 00000 000000e2 
29806 1 1 00000 00000000 
29807 0 3 00000 000000e3 
29872 1 2 00000 00000000 
29936 4 3 00000 000000e3 
29937 0 1 00000 00000000 
29938 1 3 00000 000000e4 
30003 0 2 00000 00000000 
30067 4 3 00000 000000e4 
30068 1 1 00000 00000000 
30069 0 3 00000 000000e5 
30134 1 2 00000 00000000 
30198 4 3 00000 000000e5 
30199 0 1 00000 00000000 
30200 1 3 00000 000000e6 
30265 0 2 00000 00000000 
30329 4 3 00000 000000e6 
30330 1 1 00000 00000000 
30331 0 3 00000 000000e7 
30396 1 2 00000 00000000 
30460 4 3 00000 000000e7 
30461 0 1 00000 00000000 
30462 1 3 00000 000000e8 
30527 0 2 00000 00000000 
30591 4 3 00000 000000e8 
30592 1 1 00000 00000000 
30593 0 3 00000 000000e9 
30658 1 2 00000 00000000 
30722 4 3 00000 000000e9 
30723 0 1 00000 00000000 
30724 1 3 00000 000000ea 
30789 0 2 00000 00000000 
30853 4 3 00000 000000ea 
30854 1 1 00000 00000000 
30855 0 3 00000 000000eb 
30920 1 2 00000 00000000 
30984 4 3 00000 000000eb 
30985 0 1 00000 00000000 
30986 1 3 00000 000000ec 
31051 0 2 00000 00000000 
31115 4 3 00000 000000ec 
31116 1 1 00000 00000000 
31117 0 3 00000 000000ed 
31182 1 2 00000 00000000 
31246 4 3 00000 000000ed 
31247 0 1 00000 00000000 
31248 1 3 00000 000000ee 
31313 0 2 00000 00000000 
31377 4 3 00000 000000ee 
31378 1 1 00000 00000000 
31379 0 3 00000 000000ef 
31444 1 2 00000 00000000 
31508 4 3 00000 000000ef 
31509 0 1 00000 00000000 
31510 1 3 00000 000000f0 
31575 0 2 00000 00000000 
31639 4 3 00000 000000f0 
31640 1 1 00000 00000000 
31641 0 3 00000 000000f1 
31706 1 2 00000 00000000 
31770 4 3 00000 000000f1 
31771 0 1 00000 00000000 
31772 1 3 00000 000000f2 
31837 0 2 00000 00000000 
31901 4 3 00000 000000f2 
31902 1 1 00000 00000000 
31903 0 3 00000 000000f3 
31968 1 2 00000 00000000 
32032 4 3 00000 000000f3 
32033 0 1 00000 00000000 
32034 1 3 00000 000000f4 
32099 0 2 00000 00000000 
32163 4 3 00000 000000f4 
32164 1 1 00000 00000000 
32165 0 3 00000 000000f5 
32230 1 2 00000 00000000 
32294 4 3 00000 000000f5 
32295 0 1 00000 00000000 
32296 1 3 00000 000000f6 
32361 0 2 00000 00000000 
32425 4 3 00000 000000f6 
32426 1 1 00000 00000000 
32427 0 3 00000 000000f7 
32492 1 2 00000 00000000 
32556 4 3 00000 000000f7 
32557 0 1 00000 00000000 
32558 1 3 00000 000000f8 
32623 0 2 00000 00000000 
32687 4 3 00000 000000f8 
32688 1 1 00000 00000000 
32689 0 3 00000 000000f9 
32754 1 2 00000 00000000 
32818 4 3 00000 000000f9 
32819 0 1 00000 00000000 
32820 1 3 00000 000000fa 
32885 0 2 00000 00000000 
32949 4 3 00000 000000fa 
32950 1 1 00000 00000000 
32951 0 3 00000 000000fb 
33016 1 2 00000 00000000 
33080 4 3 00000 000000fb 
33081 0 1 00000 00000000 
33082 1 3 00000 000000fc 
33147 0 2 00000 00000000 
33211 4 3 00000 000000fc 
33212 1 1 00000 00000000 
33213 0 3 00000 000000fd 
33278 1 2 00000 00000000 
33342 4 3 00000 000000fd 
33343 0 1 00000 00000000 
33344 1 3 00000 000000fe 
33409 0 2 00000 00000000 
33473 4 3 00000 000000fe 
33474 1 1 00000 00000000 
33475 0 3 00000 000000ff 
33540 0 1 00100 00000000 
33604 4 3 00100 00000000 
33605 1 2 00000 00000000 
33669 4 3 00000 000000ff 
33670 2 1 00000 00000000 
33671 1 3 00000 00000100 
33736 1 1 00100 00000000 
33800 4 3 00100 00000000 
33801 2 2 00000 00000000 
33865 4 3 00000 00000100 
33866 3 1 00000 00000000 
33867 2 3 00000 00000101 
33932 3 2 00000 00000000 
33996 4 3 00000 00000101 
33997 2 1 00000 00000000 
33998 3 3 00000 00000102 
34063 2 2 00000 00000000 
34127 4 3 00000 00000102 
34128 3 1 00000 00000000 
34129 2 3 00000 00000103 
34194 3 2 00000 00000000 
34258 4 3 00000 00000103 
34259 2 1 00000 00000000 
34260 3 3 00000 00000104 
34325 2 2 00000 00000000 
34389 4 3 00000 00000104 
34390 3 1 00000 00000000 
34391 2 3 00000 00000105 
34456 3 2 00000 00000000 
34520 4 3 00000 00000105 
34521 2 1 00000 00000000 
34522 3 3 00000 00000106 
34587 2 2 00000 00000000 
34651 4 3 00000 00000106 
34652 3 1 00000 00000000 
34653 2 3 00000 00000107 
34718 3 2 00000 00000000 
34782 4 3 00000 00000107 
34783 2 1 00000 00000000 
34784 3 3 00000 00000108 
34849 2 2 00000 00000000 
34913 4 3 00000 00000108 
34914 3 1 00000 00000000 
34915 2 3 00000 00000109 
34980 3 2 00000 00000000 
35044 4 3 00000 00000109 
35045 2 1 00000 00000000 
35046 3 3 00000 0000010a 
35111 2 2 00000 00000000 
35175 4 3 00000 0000010a 
35176 3 1 00000 00000000 
35177 2 3 00000 0000010b 
35242 3 2 00000 00000000 
35306 4 3 00000 0000010b 
35307 2 1 00000 00000000 
35308 3 3 00000 0000010c 
35373 2 2 00000 00000000 
35437 4 3 00000 0000010c 
35438 3 1 00000 00000000 
35439 2 3 00000 0000010d 
35504 3 2 00000 00000000 
35568 4 3 00000 0000010d 
35569 2 1 00000 00000000 
35570 3 3 00000 0000010e 
35635 2 2 00000 00000000 
35699 4 3 00000 0000010e 
35700 3 1 00000 00000000 
35701 2 3 00000 0000010f 
35766 3 2 00000 00000000 
35830 4 3 00000 0000010f 
35831 2 1 00000 00000000 
35832 3 3 00000 00000110 
35897 2 2 00000 00000000 
35961 4 3 00000 00000110 
35962 3 1 00000 00000000 
35963 2 3 00000 00000111 
36028 3 2 00000 00000000 
36092 4 3 00000 00000111 
36093 2 1 00000 00000000 
36094 3 3 00000 00000112 
36159 2 2 00000 00000000 
36223 4 3 00000 00000112 
36224 3 1 00000 00000000 
36225 2 3 00000 00000113 
36290 3 2 00000 00000000 
36354 4 3 00000 00000113 
36355 2 1 00000 00000000 
36356 3 3 00000 00000114 
36421 2 2 00000 00000000 
36485 4 3 00000 00000114 
36486 3 1 00000 00000000 
36487 2 3 00000 00000115 
36552 3 2 00000 00000000 
36616 4 3 00000 00000115 
36617 2 1 00000 00000000 
36618 3 3 00000 00000116 
36683 2 2 00000 00000000 
36747 4 3 00000 00000116 
36748 3 1 00000 00000000 
36749 2 3 00000 00000117 
36814 3 2 00000 00000000 
36878 4 3 00000 00000117 
36879 2 1 00000 00000000 
36880 3 3 00000 00000118 
36945 2 2 00000 00000000 
37009 4 3 00000 00000118 
37010 3 1 00000 00000000 
37011 2 3 00000 00000119 
37076 3 2 00000 00000000 
37140 4 3 00000 00000119 
37141 2 1 00000 00000000 
37142 3 3 00000 0000011a 
37207 2 2 00000 00000000 
37271 4 3 00000 0000011a 
37272 3 1 00000 00000000 
37273 2 3 00000 0000011b 
37338 3 2 00000 00000000 
37402 4 3 00000 0000011b 
37403 2 1 00000 00000000 
37404 3 3 00000 0000011c 
37469 2 2 00000 00000000 
37533 4 3 00000 0000011c 
37534 3 1 00000 00000000 
37535 2 3 00000 0000011d 
37600 3 2 00000 00000000 
37664 4 3 00000 0000011d 
37665 2 1 00000 00000000 
37666 3 3 00000 0000011e 
37731 2 2 00000 00000000 
37795 4 3 00000 0000011e 
37796 3 1 00000 00000000 
37797 2 3 00000 0000011f 
37862 3 2 00000 00000000 
37926 4 3 00000 0000011f 
37927 2 1 00000 00000000 
37928 3 3 00000 00000120 
37993 2 2 00000 00000000 
38057 4 3 00000 00000120 
38058 3 1 00000 00000000 
38059 2 3 00000 00000121 
38124 3 2 00000 00000000 
38188 4 3 00000 00000121 
38189 2 1 00000 00000000 
38190 3 3 00000 00000122 
38255 2 2 00000 00000000 
38319 4 3 00000 00000122 
38320 3 1 00000 00000000 
38321 2 3 00000 00000123 
38386 3 2 00000 00000000 
38450 4 3 00000 00000123 
38451 2 1 00000 00000000 
38452 3 3 00000 00000124 
38517 2 2 00000 00000000 
38581 4 3 00000 00000124 
38582 3 1 00000 00000000 
38583 2 3 00000 00000125 
38648 3 2 00000 00000000 
38712 4 3 00000 00000125 
38713 2 1 00000 00000000 
38714 3 3 00000 00000126 
38779 2 2 00000 00000000 
38843 4 3 00000 00000126 
38844 3 1 00000 00000000 
38845 2 3 00000 00000127 
38910 3 2 00000 00000000 
38974 4 3 00000 00000127 
38975 2 1 00000 00000000 
38976 3 3 00000 00000128 
39041 2 2 00000 00000000 
39105 4 3 00000 00000128 
39106 3 1 00000 00000000 
39107 2 3 00000 00000129 
39172 3 2 00000 00000000 
39236 4 3 00000 00000129 
39237 2 1 00000 00000000 
39238 3 3 00000 0000012a 
39303 2 2 00000 00000000 
39367 4 3 00000 0000012a 
39368 3 1 00000 00000000 
39369 2 3 00000 0000012b 
39434 3 2 00000 00000000 
39498 4 3 00000 0000012b 
39499 2 1 00000 00000000 
39500 3 3 00000 0000012c 
39565 2 2 00000 00000000 
39629 4 3 00000 0000012c 
39630 3 1 00000 00000000 
39631 2 3 00000 0000012d 
39696 3 2 00000 00000000 
39760 4 3 00000 0000012d 
39761 2 1 00000 00000000 
39762 3 3 00000 0000012e 
39827 2 2 00000 00000000 
39891 4 3 00000 0000012e 
39892 3 1 00000 00000000 
39893 2 3 00000 0000012f 
39958 3 2 00000 00000000 
40022 4 3 00000 0000012f 
40023 2 1 00000 00000000 
40024 3 3 00000 00000130 
40089 2 2 00000 00000000 
40153 4 3 00000 00000130 
40154 3 1 00000 00000000 
40155 2 3 00000 00000131 
40220 3 2 00000 00000000 
40284 4 3 00000 00000131 
40285 2 1 00000 00000000 
40286 3 3 00000 00000132 
40351 2 2 00000 00000000 
40415 4 3 00000 00000132 
40416 3 1 00000 00000000 
40417 2 3 00000 00000133 
40482 3 2 00000 00000000 
40546 4 3 00000 00000133 
40547 2 1 00000 00000000 
40548 3 3 00000 00000134 
40613 2 2 00000 00000000 
40677 4 3 00000 00000134 
40678 3 1 00000 00000000 
40679 2 3 00000 00000135 
40744 3 2 00000 00000000 
40808 4 3 00000 00000135 
40809 2 1 00000 00000000 
40810 3 3 00000 00000136 
40875 2 2 00000 00000000 
40939 4 3 00000 00000136 
40940 3 1 00000 00000000 
40941 2 3 00000 00000137 
41006 3 2 00000 00000000 
41070 4 3 00000 00000137 
41071 2 1 00000 00000000 
41072 3 3 00000 00000138 
41137 2 2 00000 00000000 
41201 4 3 00000 00000138 
41202 3 1 00000 00000000 
41203 2 3 00000 00000139 
41268 3 2 00000 00000000 
41332 4 3 00000 00000139 
41333 2 1 00000 00000000 
41334 3 3 00000 0000013a 
41399 2 2 00000 00000000 
41463 4 3 00000 0000013a 
41464 3 1 00000 00000000 
41465 2 3 00000 0000013b 
41530 3 2 00000 00000000 
41594 4 3 00000 0000013b 
41595 2 1 00000 00000000 
41596 3 3 00000 0000013c 
41661 2 2 00000 00000000 
41725 4 3 00000 0000013c 
41726 3 1 00000 00000000 
41727 2 3 00000 0000013d 
41792 3 2 00000 00000000 
41856 4 3 00000 0000013d 
41857 2 1 00000 00000000 
41858 3 3 00000 0000013e 
41923 2 2 00000 00000000 
41987 4 3 00000 0000013e 
41988 3 1 00000 00000000 
41989 2 3 00000 0000013f 
42054 3 2 00000 00000000 
42118 4 3 00000 0000013f 
42119 2 1 00000 00000000 
42120 3 3 00000 00000140 
42185 2 2 00000 00000000 
42249 4 3 00000 00000140 
42250 3 1 00000 00000000 
42251 2 3 00000 00000141 
42316 3 2 00000 00000000 
42380 4 3 00000 00000141 
42381 2 1 00000 00000000 
42382 3 3 00000 00000142 
42447 2 2 00000 00000000 
42511 4 3 00000 00000142 
42512 3 1 00000 00000000 
42513 2 3 00000 00000143 
42578 3 2 00000 00000000 
42642 4 3 00000 00000143 
42643 2 1 00000 00000000 
42644 3 3 00000 00000144 
42709 2 2 00000 00000000 
42773 4 3 00000 00000144 
42774 3 1 00000 00000000 
42775 2 3 00000 00000145 
42840 3 2 00000 00000000 
42904 4 3 00000 00000145 
42905 2 1 00000 00000000 
42906 3 3 00000 00000146 
42971 2 2 00000 00000000 
43035 4 3 00000 00000146 
43036 3 1 00000 00000000 
43037 2 3 00000 00000147 
43102 3 2 00000 00000000 
43166 4 3 00000 00000147 
43167 2 1 00000 00000000 
43168 3 3 00000 00000148 
43233 2 2 00000 00000000 
43297 4 3 00000 00000148 
43298 3 1 00000 00000000 
43299 2 3 00000 00000149 
43364 3 2 00000 00000000 
43428 4 3 00000 00000149 
43429 2 1 00000 00000000 
43430 3 3 00000 0000014a 
43495 2 2 00000 00000000 
43559 4 3 00000 0000014a 
43560 3 1 00000 00000000 
43561 2 3 00000 0000014b 
43626 3 2 00000 00000000 
43690 4 3 00000 0000014b 
43691 2 1 00000 00000000 
43692 3 3 00000 0000014c 
43757 2 2 00000 00000000 
43821 4 3 00000 0000014c 
43822 3 1 00000 00000000 
43823 2 3 00000 0000014d 
43888 3 2 00000 00000000 
43952 4 3 00000 0000014d 
43953 2 1 00000 00000000 
43954 3 3 00000 0000014e 
44019 2 2 00000 00000000 
44083 4 3 00000 0000014e 
44084 3 1 00000 00000000 
44085 2 3 00000 0000014f 
44150 3 2 00000 00000000 
44214 4 3 00000 0000014f 
44215 2 1 00000 00000000 
44216 3 3 00000 00000150 
44281 2 2 00000 00000000 
44345 4 3 00000 00000150 
44346 3 1 00000 00000000 
44347 2 3 00000 00000151 
44412 3 2 00000 00000000 
44476 4 3 00000 00000151 
44477 2 1 00000 00000000 
44478 3 3 00000 00000152 
44543 2 2 00000 00000000 
44607 4 3 00000 00000152 
44608 3 1 00000 00000000 
44609 2 3 00000 00000153 
44674 3 2 00000 00000000 
44738 4 3 00000 00000153 
44739 2 1 00000 00000000 
44740 3 3 00000 00000154 
44805 2 2 00000 00000000 
44869 4 3 00000 00000154 
44870 3 1 00000 00000000 
44871 2 3 00000 00000155 
44936 3 2 00000 00000000 
45000 4 3 00000 00000155 
45001 2 1 00000 00000000 
45002 3 3 00000 00000156 
45067 2 2 00000 00000000 
45131 4 3 00000 00000156 
45132 3 1 00000 00000000 
45133 2 3 00000 00000157 
45198 3 2 00000 00000000 
45262 4 3 00000 00000157 
45263 2 1 00000 00000000 
45264 3 3 00000 00000158 
45329 2 2 00000 00000000 
45393 4 3 00000 00000158 
45394 3 1 00000 00000000 
45395 2 3 00000 00000159 
45460 3 2 00000 00000000 
45524 4 3 00000 00000159 
45525 2 1 00000 00000000 
45526 3 3 00000 0000015a 
45591 2 2 00000 00000000 
45655 4 3 00000 0000015a 
45656 3 1 00000 00000000 
45657 2 3 00000 0000015b 
45722 3 2 00000 00000000 
45786 4 3 00000 0000015b 
45787 2 1 00000 00000000 
45788 3 3 00000 0000015c 
45853 2 2 00000 00000000 
45917 4 3 00000 0000015c 
45918 3 1 00000 00000000 
45919 2 3 00000 0000015d 
45984 3 2 00000 00000000 
46048 4 3 00000 0000015d 
46049 2 1 00000 00000000 
46050 3 3 00000 0000015e 
46115 2 2 00000 00000000 
46179 4 3 00000 0000015e 
46180 3 1 00000 00000000 
46181 2 3 00000 0000015f 
46246 3 2 00000 00000000 
46310 4 3 00000 0000015f 
46311 2 1 00000 00000000 
46312 3 3 00000 00000160 
46377 2 2 00000 00000000 
46441 4 3 00000 00000160 
46442 3 1 00000 00000000 
46443 2 3 00000 00000161 
46508 3 2 00000 00000000 
46572 4 3 00000 00000161 
46573 2 1 00000 00000000 
46574 3 3 00000 00000162 
46639 2 2 00000 00000000 
46703 4 3 00000 00000162 
46704 3 1 00000 00000000 
46705 2 3 00000 00000163 
46770 3 2 00000 00000000 
46834 4 3 00000 00000163 
46835 2 1 00000 00000000 
46836 3 3 00000 00000164 
46901 2 2 00000 00000000 
46965 4 3 00000 00000164 
46966 3 1 00000 00000000 
46967 2 3 00000 00000165 
47032 3 2 00000 00000000 
47096 4 3 00000 00000165 
47097 2 1 00000 00000000 
47098 3 3 00000 00000166 
47163 2 2 00000 00000000 
47227 4 3 00000 00000166 
47228 3 1 00000 00000000 
47229 2 3 00000 00000167 
47294 3 2 00000 00000000 
47358 4 3 00000 00000167 
47359 2 1 00000 00000000 
47360 3 3 00000 00000168 
47425 2 2 00000 00000000 
47489 4 3 00000 00000168 
47490 3 1 00000 00000000 
47491 2 3 00000 00000169 
47556 3 2 00000 00000000 
47620 4 3 00000 00000169 
47621 2 1 00000 00000000 
47622 3 3 00000 0000016a 
47687 2 2 00000 00000000 
47751 4 3 00000 0000016a 
47752 3 1 00000 00000000 
47753 2 3 00000 0000016b 
47818 3 2 00000 00000000 
47882 4 3 00000 0000016b 
47883 2 1 00000 00000000 
47884 3 3 00000 0000016c 
47949 2 2 00000 00000000 
48013 4 3 00000 0000016c 
48014 3 1 00000 00000000 
48015 2 3 00000 0000016d 
48080 3 2 00000 00000000 
48144 4 3 00000 0000016d 
48145 2 1 00000 00000000 
48146 3 3 00000 0000016e 
48211 2 2 00000 00000000 
48275 4 3 00000 0000016e 
48276 3 1 00000 00000000 
48277 2 3 00000 0000016f 
48342 3 2 00000 00000000 
48406 4 3 00000 0000016f 
48407 2 1 00000 00000000 
48408 3 3 00000 00000170 
48473 2 2 00000 00000000 
48537 4 3 00000 00000170 
48538 3 1 00000 00000000 
48539 2 3 00000 00000171 
48604 3 2 00000 00000000 
48668 4 3 00000 00000171 
48669 2 1 00000 00000000 
48670 3 3 00000 00000172 
48735 2 2 00000 00000000 
48799 4 3 00000 00000172 
48800 3 1 00000 00000000 
48801 2 3 00000 00000173 
48866 3 2 00000 00000000 
48930 4 3 00000 00000173 
48931 2 1 00000 00000000 
48932 3 3 00000 00000174 
48997 2 2 00000 00000000 
49061 4 3 00000 00000174 
49062 3 1 00000 00000000 
49063 2 3 00000 00000175 
49128 3 2 00000 00000000 
49192 4 3 00000 00000175 
49193 2 1 00000 00000000 
49194 3 3 00000 00000176 
49259 2 2 00000 00000000 
49323 4 3 00000 00000176 
49324 3 1 00000 00000000 
49325 2 3 00000 00000177 
49390 3 2 00000 00000000 
49454 4 3 00000 00000177 
49455 2 1 00000 00000000 
49456 3 3 00000 00000178 
49521 2 2 00000 00000000 
49585 4 3 00000 00000178 
49586 3 1 00000 00000000 
49587 2 3 00000 00000179 
49652 3 2 00000 00000000 
49716 4 3 00000 00000179 
49717 2 1 00000 00000000 
49718 3 3 00000 0000017a 
49783 2 2 00000 00000000 
49847 4 3 00000 0000017a 
49848 3 1 00000 00000000 
49849 2 3 00000 0000017b 
49914 3 2 00000 00000000 
49978 4 3 00000 0000017b 
49979 2 1 00000 00000000 
49980 3 3 00000 0000017c 
50045 2 2 00000 00000000 
50109 4 3 00000 0000017c 
50110 3 1 00000 00000000 
50111 2 3 00000 0000017d 
50176 3 2 00000 00000000 
50240 4 3 00000 0000017d 
50241 2 1 00000 00000000 
50242 3 3 00000 0000017e 
50307 2 2 00000 00000000 
50371 4 3 00000 0000017e 
50372 3 1 00000 00000000 
50373 2 3 00000 0000017f 
50438 3 2 00000 00000000 
50502 4 3 00000 0000017f 
50503 2 1 00000 00000000 
50504 3 3 00000 00000180 
50569 2 2 00000 00000000 
50633 4 3 00000 00000180 
50634 3 1 00000 00000000 
50635 2 3 00000 00000181 
50700 3 2 00000 00000000 
50764 4 3 00000 00000181 
50765 2 1 00000 00000000 
50766 3 3 00000 00000182 
50831 2 2 00000 00000000 
50895 4 3 00000 00000182 
50896 3 1 00000 00000000 
50897 2 3 00000 00000183 
50962 3 2 00000 00000000 
51026 4 3 00000 00000183 
51027 2 1 00000 00000000 
51028 3 3 00000 00000184 
51093 2 2 00000 00000000 
51157 4 3 00000 00000184 
51158 3 1 00000 00000000 
51159 2 3 00000 00000185 
51224 3 2 00000 00000000 
51288 4 3 00000 00000185 
51289 2 1 00000 00000000 
51290 3 3 00000 00000186 
51355 2 2 00000 00000000 
51419 4 3 00000 00000186 
51420 3 1 00000 00000000 
51421 2 3 00000 00000187 
51486 3 2 00000 00000000 
51550 4 3 00000 00000187 
51551 2 1 00000 00000000 
51552 3 3 00000 00000188 
51617 2 2 00000 00000000 
51681 4 3 00000 00000188 
51682 3 1 00000 00000000 
51683 2 3 00000 00000189 
51748 3 2 00000 00000000 
51812 4 3 00000 00000189 
51813 2 1 00000 00000000 
51814 3 3 00000 0000018a 
51879 2 2 00000 00000000 
51943 4 3 00000 0000018a 
51944 3 1 00000 00000000 
51945 2 3 00000 0000018b 
52010 3 2 00000 00000000 
52074 4 3 00000 0000018b 
52075 2 1 00000 00000000 
52076 3 3 00000 0000018c 
52141 2 2 00000 00000000 
52205 4 3 00000 0000018c 
52206 3 1 00000 00000000 
52207 2 3 00000 0000018d 
52272 3 2 00000 00000000 
52336 4 3 00000 0000018d 
52337 2 1 00000 00000000 
52338 3 3 00000 0000018e 
52403 2 2 00000 00000000 
52467 4 3 00000 0000018e 
52468 3 1 00000 00000000 
52469 2 3 00000 0000018f 
52534 3 2 00000 00000000 
52598 4 3 00000 0000018f 
52599 2 1 00000 00000000 
52600 3 3 00000 00000190 
52665 2 2 00000 00000000 
52729 4 3 00000 00000190 
52730 3 1 00000 00000000 
52731 2 3 00000 00000191 
52796 3 2 00000 00000000 
52860 4 3 00000 00000191 
52861 2 1 00000 00000000 
52862 3 3 00000 00000192 
52927 2 2 00000 00000000 
52991 4 3 00000 00000192 
52992 3 1 00000 00000000 
52993 2 3 00000 00000193 
53058 3 2 00000 00000000 
53122 4 3 00000 00000193 
53123 2 1 00000 00000000 
53124 3 3 00000 00000194 
53189 2 2 00000 00000000 
53253 4 3 00000 00000194 
53254 3 1 00000 00000000 
53255 2 3 00000 00000195 
53320 3 2 00000 00000000 
53384 4 3 00000 00000195 
53385 2 1 00000 00000000 
53386 3 3 00000 00000196 
53451 2 2 00000 00000000 
53515 4 3 00000 00000196 
53516 3 1 00000 00000000 
53517 2 3 00000 00000197 
53582 3 2 00000 00000000 
53646 4 3 00000 00000197 
53647 2 1 00000 00000000 
53648 3 3 00000 00000198 
53713 2 2 00000 00000000 
53777 4 3 00000 00000198 
53778 3 1 00000 00000000 
53779 2 3 00000 00000199 
53844 3 2 00000 00000000 
53908 4 3 00000 00000199 
53909 2 1 00000 00000000 
53910 3 3 00000 0000019a 
53975 2 2 00000 00000000 
54039 4 3 00000 0000019a 
54040 3 1 00000 00000000 
54041 2 3 00000 0000019b 
54106 3 2 00000 00000000 
54170 4 3 00000 0000019b 
54171 2 1 00000 00000000 
54172 3 3 00000 0000019c 
54237 2 2 00000 00000000 
54301 4 3 00000 0000019c 
54302 3 1 00000 00000000 
54303 2 3 00000 0000019d 
54368 3 2 00000 00000000 
54432 4 3 00000 0000019d 
54433 2 1 00000 00000000 
54434 3 3 00000 0000019e 
54499 2 2 00000 00000000 
54563 4 3 00000 0000019e 
54564 3 1 00000 00000000 
54565 2 3 00000 0000019f 
54630 3 2 00000 00000000 
54694 4 3 00000 0000019f 
54695 2 1 00000 00000000 
54696 3 3 00000 000001a0 
54761 2 2 00000 00000000 
54825 4 3 00000 000001a0 
54826 3 1 00000 00000000 
54827 2 3 00000 000001a1 
54892 3 2 00000 00000000 
54956 4 3 00000 000001a1 
54957 2 1 00000 00000000 
54958 3 3 00000 000001a2 
55023 2 2 00000 00000000 
55087 4 3 00000 000001a2 
55088 3 1 00000 00000000 
55089 2 3 00000 000001a3 
55154 3 2 00000 00000000 
55218 4 3 00000 000001a3 
55219 2 1 00000 00000000 
55220 3 3 00000 000001a4 
55285 2 2 00000 00000000 
55349 4 3 00000 000001a4 
55350 3 1 00000 00000000 
55351 2 3 00000 000001a5 
55416 3 2 00000 00000000 
55480 4 3 00000 000001a5 
55481 2 1 00000 00000000 
55482 3 3 00000 000001a6 
55547 2 2 00000 00000000 
55611 4 3 00000 000001a6 
55612 3 1 00000 00000000 
55613 2 3 00000 000001a7 
55678 3 2 00000 00000000 
55742 4 3 00000 000001a7 
55743 2 1 00000 00000000 
55744 3 3 00000 000001a8 
55809 2 2 00000 00000000 
55873 4 3 00000 000001a8 
55874 3 1 00000 00000000 
55875 2 3 00000 000001a9 
55940 3 2 00000 00000000 
56004 4 3 00000 000001a9 
56005 2 1 00000 00000000 
56006 3 3 00000 000001aa 
56071 2 2 00000 00000000 
56135 4 3 00000 000001aa 
56136 3 1 00000 00000000 
56137 2 3 00000 000001ab 
56202 3 2 00000 00000000 
56266 4 3 00000 000001ab 
56267 2 1 00000 00000000 
56268 3 3 00000 000001ac 
56333 2 2 00000 00000000 
56397 4 3 00000 000001ac 
56398 3 1 00000 00000000 
56399 2 3 00000 000001ad 
56464 3 2 00000 00000000 
56528 4 3 00000 000001ad 
56529 2 1 00000 00000000 
56530 3 3 00000 000001ae 
56595 2 2 00000 00000000 
56659 4 3 00000 000001ae 
56660 3 1 00000 00000000 
56661 2 3 00000 000001af 
56726 3 2 00000 00000000 
56790 4 3 00000 000001af 
56791 2 1 00000 00000000 
56792 3 3 00000 000001b0 
56857 2 2 00000 00000000 
56921 4 3 00000 000001b0 
56922 3 1 00000 00000000 
56923 2 3 00000 000001b1 
56988 3 2 00000 00000000 
57052 4 3 00000 000001b1 
57053 2 1 00000 00000000 
57054 3 3 00000 000001b2 
57119 2 2 00000 00000000 
57183 4 3 00000 000001b2 
57184 3 1 00000 00000000 
57185 2 3 00000 000001b3 
57250 3 2 00000 00000000 
57314 4 3 00000 000001b3 
57315 2 1 00000 00000000 
57316 3 3 00000 000001b4 
57381 2 2 00000 00000000 
57445 4 3 00000 000001b4 
57446 3 1 00000 00000000 
57447 2 3 00000 000001b5 
57512 3 2 00000 00000000 
57576 4 3 00000 000001b5 
57577 2 1 00000 00000000 
57578 3 3 00000 000001b6 
57643 2 2 00000 00000000 
57707 4 3 00000 000001b6 
57708 3 1 00000 00000000 
57709 2 3 00000 000001b7 
57774 3 2 00000 00000000 
57838 4 3 00000 000001b7 
57839 2 1 00000 00000000 
57840 3 3 00000 000001b8 
57905 2 2 00000 00000000 
57969 4 3 00000 000001b8 
57970 3 1 00000 00000000 
57971 2 3 00000 000001b9 
58036 3 2 00000 00000000 
58100 4 3 00000 000001b9 
58101 2 1 00000 00000000 
58102 3 3 00000 000001ba 
58167 2 2 00000 00000000 
58231 4 3 00000 000001ba 
58232 3 1 00000 00000000 
58233 2 3 00000 000001bb 
58298 3 2 00000 00000000 
58362 4 3 00000 000001bb 
58363 2 1 00000 00000000 
58364 3 3 00000 000001bc 
58429 2 2 00000 00000000 
58493 4 3 00000 000001bc 
58494 3 1 00000 00000000 
58495 2 3 00000 000001bd 
58560 3 2 00000 00000000 
58624 4 3 00000 000001bd 
58625 2 1 00000 00000000 
58626 3 3 00000 000001be 
58691 2 2 00000 00000000 
58755 4 3 00000 000001be 
58756 3 1 00000 00000000 
58757 2 3 00000 000001bf 
58822 3 2 00000 00000000 
58886 4 3 00000 000001bf 
58887 2 1 00000 00000000 
58888 3 3 00000 000001c0 
58953 2 2 00000 00000000 
59017 4 3 00000 000001c0 
59018 3 1 00000 00000000 
59019 2 3 00000 000001c1 
59084 3 2 00000 00000000 
59148 4 3 00000 000001c1 
59149 2 1 00000 00000000 
59150 3 3 00000 000001c2 
59215 2 2 00000 00000000 
59279 4 3 00000 000001c2 
59280 3 1 00000 00000000 
59281 2 3 00000 000001c3 
59346 3 2 00000 00000000 
59410 4 3 00000 000001c3 
59411 2 1 00000 00000000 
59412 3 3 00000 000001c4 
59477 2 2 00000 00000000 
59541 4 3 00000 000001c4 
59542 3 1 00000 00000000 
59543 2 3 00000 000001c5 
59608 3 2 00000 00000000 
59672 4 3 00000 000001c5 
59673 2 1 00000 00000000 
59674 3 3 00000 000001c6 
59739 2 2 00000 00000000 
59803 4 3 00000 000001c6 
59804 3 1 00000 00000000 
59805 2 3 00000 000001c7 
59870 3 2 00000 00000000 
59934 4 3 00000 000001c7 
59935 2 1 00000 00000000 
59936 3 3 00000 000001c8 
60001 2 2 00000 00000000 
60065 4 3 00000 000001c8 
60066 3 1 00000 00000000 
60067 2 3 00000 000001c9 
60132 3 2 00000 00000000 
60196 4 3 00000 000001c9 
60197 2 1 00000 00000000 
60198 3 3 00000 000001ca 
60263 2 2 00000 00000000 
60327 4 3 00000 000001ca 
60328 3 1 00000 00000000 
60329 2 3 00000 000001cb 
60394 3 2 00000 00000000 
60458 4 3 00000 000001cb 
60459 2 1 00000 00000000 
60460 3 3 00000 000001cc 
60525 2 2 00000 00000000 
60589 4 3 00000 000001cc 
60590 3 1 00000 00000000 
60591 2 3 00000 000001cd 
60656 3 2 00000 00000000 
60720 4 3 00000 000001cd 
60721 2 1 00000 00000000 
60722 3 3 00000 000001ce 
60787 2 2 00000 00000000 
60851 4 3 00000 000001ce 
60852 3 1 00000 00000000 
60853 2 3 00000 000001cf 
60918 3 2 00000 00000000 
60982 4 3 00000 000001cf 
60983 2 1 00000 00000000 
60984 3 3 00000 000001d0 
61049 2 2 00000 00000000 
61113 4 3 00000 000001d0 
61114 3 1 00000 00000000 
61115 2 3 00000 000001d1 
61180 3 2 00000 00000000 
61244 4 3 00000 000001d1 
61245 2 1 00000 00000000 
61246 3 3 00000 000001d2 
61311 2 2 00000 00000000 
61375 4 3 00000 000001d2 
61376 3 1 00000 00000000 
61377 2 3 00000 000001d3 
61442 3 2 00000 00000000 
61506 4 3 00000 000001d3 
61507 2 1 00000 00000000 
61508 3 3 00000 000001d4 
61573 2 2 00000 00000000 
61637 4 3 00000 000001d4 
61638 3 1 00000 00000000 
61639 2 3 00000 000001d5 
61704 3 2 00000 00000000 
61768 4 3 00000 000001d5 
61769 2 1 00000 00000000 
61770 3 3 00000 000001d6 
61835 2 2 00000 00000000 
61899 4 3 00000 000001d6 
61900 3 1 00000 00000000 
61901 2 3 00000 000001d7 
61966 3 2 00000 00000000 
62030 4 3 00000 000001d7 
62031 2 1 00000 00000000 
62032 3 3 00000 000001d8 
62097 2 2 00000 00000000 
62161 4 3 00000 000001d8 
62162 3 1 00000 00000000 
62163 2 3 00000 000001d9 
62228 3 2 00000 00000000 
62292 4 3 00000 000001d9 
62293 2 1 00000 00000000 
62294 3 3 00000 000001da 
62359 2 2 00000 00000000 
62423 4 3 00000 000001da 
62424 3 1 00000 00000000 
62425 2 3 00000 000001db 
62490 3 2 00000 00000000 
62554 4 3 00000 000001db 
62555 2 1 00000 00000000 
62556 3 3 00000 000001dc 
62621 2 2 00000 00000000 
62685 4 3 00000 000001dc 
62686 3 1 00000 00000000 
62687 2 3 00000 000001dd 
62752 3 2 00000 00000000 
62816 4 3 00000 000001dd 
62817 2 1 00000 00000000 
62818 3 3 00000 000001de 
62883 2 2 00000 00000000 
62947 4 3 00000 000001de 
62948 3 1 00000 00000000 
62949 2 3 00000 000001df 
63014 3 2 00000 00000000 
63078 4 3 00000 000001df 
63079 2 1 00000 00000000 
63080 3 3 00000 000001e0 
63145 2 2 00000 00000000 
63209 4 3 00000 000001e0 
63210 3 1 00000 00000000 
63211 2 3 00000 000001e1 
63276 3 2 00000 00000000 
63340 4 3 00000 000001e1 
63341 2 1 00000 00000000 
63342 3 3 00000 000001e2 
63407 2 2 00000 00000000 
63471 4 3 00000 000001e2 
63472 3 1 00000 00000000 
63473 2 3 00000 000001e3 
63538 3 2 00000 00000000 
63602 4 3 00000 000001e3 
63603 2 1 00000 00000000 
63604 3 3 00000 000001e4 
63669 2 2 00000 00000000 
63733 4 3 00000 000001e4 
63734 3 1 00000 00000000 
63735 2 3 00000 000001e5 
63800 3 2 00000 00000000 
63864 4 3 00000 000001e5 
63865 2 1 00000 00000000 
63866 3 3 00000 000001e6 
63931 2 2 00000 00000000 
63995 4 3 00000 000001e6 
63996 3 1 00000 00000000 
63997 2 3 00000 000001e7 
64062 3 2 00000 00000000 
64126 4 3 00000 000001e7 
64127 2 1 00000 00000000 
64128 3 3 00000 000001e8 
64193 2 2 00000 00000000 
64257 4 3 00000 000001e8 
64258 3 1 00000 00000000 
64259 2 3 00000 000001e9 
64324 3 2 00000 00000000 
64388 4 3 00000 000001e9 
64389 2 1 00000 00000000 
64390 3 3 00000 000001ea 
64455 2 2 00000 00000000 
64519 4 3 00000 000001ea 
64520 3 1 00000 00000000 
64521 2 3 00000 000001eb 
64586 3 2 00000 00000000 
64650 4 3 00000 000001eb 
64651 2 1 00000 00000000 
64652 3 3 00000 000001ec 
64717 2 2 00000 00000000 
64781 4 3 00000 000001ec 
64782 3 1 00000 00000000 
64783 2 3 00000 000001ed 
64848 3 2 00000 00000000 
64912 4 3 00000 000001ed 
64913 2 1 00000 00000000 
64914 3 3 00000 000001ee 
64979 2 2 00000 00000000 
65043 4 3 00000 000001ee 
65044 3 1 00000 00000000 
65045 2 3 00000 000001ef 
65110 3 2 00000 00000000 
65174 4 3 00000 000001ef 
65175 2 1 00000 00000000 
65176 3 3 00000 000001f0 
65241 2 2 00000 00000000 
65305 4 3 00000 000001f0 
65306 3 1 00000 00000000 
65307 2 3 00000 000001f1 
65372 3 2 00000 00000000 
65436 4 3 00000 000001f1 
65437 2 1 00000 00000000 
65438 3 3 00000 000001f2 
65503 2 2 00000 00000000 
65567 4 3 00000 000001f2 
65568 3 1 00000 00000000 
65569 2 3 00000 000001f3 
65634 3 2 00000 00000000 
65698 4 3 00000 000001f3 
65699 2 1 00000 00000000 
65700 3 3 00000 000001f4 
65765 2 2 00000 00000000 
65829 4 3 00000 000001f4 
65830 3 1 00000 00000000 
65831 2 3 00000 000001f5 
65896 3 2 00000 00000000 
65960 4 3 00000 000001f5 
65961 2 1 00000 00000000 
65962 3 3 00000 000001f6 
66027 2 2 00000 00000000 
66091 4 3 00000 000001f6 
66092 3 1 00000 00000000 
66093 2 3 00000 000001f7 
66158 3 2 00000 00000000 
66222 4 3 00000 000001f7 
66223 2 1 00000 00000000 
66224 3 3 00000 000001f8 
66289 2 2 00000 00000000 
66353 4 3 00000 000001f8 
66354 3 1 00000 00000000 
66355 2 3 00000 000001f9 
66420 3 2 00000 00000000 
66484 4 3 00000 000001f9 
66485 2 1 00000 00000000 
66486 3 3 00000 000001fa 
66551 2 2 00000 00000000 
66615 4 3 00000 000001fa 
66616 3 1 00000 00000000 
66617 2 3 00000 000001fb 
66682 3 2 00000 00000000 
66746 4 3 00000 000001fb 
66747 2 1 00000 00000000 
66748 3 3 00000 000001fc 
66813 2 2 00000 00000000 
66877 4 3 00000 000001fc 
66878 3 1 00000 00000000 
66879 2 3 00000 000001fd 
66944 3 2 00000 00000000 
67008 4 3 00000 000001fd 
67009 2 1 00000 00000000 
67010 3 3 00000 000001fe 
67075 2 2 00000 00000000 
67139 4 3 00000 000001fe 
67140 3 1 00000 00000000 
67141 2 3 00000 000001ff 
67206 2 1 00100 00000000 
67270 4 3 00100 00000000 
67271 3 2 00000 00000000 
67335 4 3 00000 000001ff 
67352 3 3 00000 00000200 
67417 3 1 00100 00000000 
67481 4 3 00100 00000000 
